1 0
2 1
3 0
4 1
5 1
6 1
7 1
8 1
9 1
10 1
11 1
12 2
13 2
14 2
15 1
16 1
17 1
18 1
19 1
20 2
21 2
22 2
23 2
24 2
25 2
26 2
27 2
28 2
29 2
30 2
31 1
32 1
33 2
34 2
35 2
36 2
37 2
38 2
39 2
40 2
41 2
42 2
43 2
44 2
45 2
46 2
47 2
48 2
49 2
50 2
51 2
52 2
53 2
54 3
55 3
56 3
57 3
58 3
59 3
60 3
61 3
62 3
63 2
64 2
65 2
66 2
67 2
68 2
69 2
70 2
71 2
72 2
73 2
74 2
75 2
76 2
77 2
78 2
79 2
80 2
81 2
82 2
83 2
84 2
85 2
86 2
87 2
88 3
89 3
90 3
91 3
92 3
93 3
94 3
95 3
96 3
97 3
98 3
99 3
100 3
101 3
102 3
103 3
104 3
105 3
106 3
107 3
108 3
109 3
110 3
111 3
112 3
113 3
114 3
115 3
116 3
117 3
118 3
119 3
120 3
121 3
122 3
123 3
124 3
125 3
126 3
127 2
128 2
129 2
130 2
131 2
132 2
133 2
134 2
135 2
136 2
137 2
138 2
139 2
140 2
141 2
142 2
143 3
144 3
145 3
146 3
147 3
148 3
149 3
150 3
151 3
152 3
153 3
154 3
155 3
156 3
157 3
158 3
159 3
160 3
161 3
162 3
163 3
164 3
165 3
166 3
167 3
168 3
169 3
170 3
171 3
172 3
173 3
174 3
175 3
176 3
177 3
178 3
179 3
180 3
181 3
182 3
183 3
184 3
185 3
186 3
187 3
188 3
189 3
190 3
191 3
192 3
193 3
194 3
195 3
196 3
197 3
198 3
199 3
200 3
201 3
202 3
203 3
204 3
205 3
206 3
207 3
208 3
209 3
210 3
211 3
212 3
213 3
214 3
215 3
216 3
217 3
218 3
219 3
220 3
221 3
222 3
223 3
224 3
225 3
226 3
227 3
228 3
229 3
230 3
231 3
232 4
233 4
234 4
235 4
236 4
237 4
238 4
239 4
240 4
241 4
242 4
243 4
244 4
245 4
246 4
247 4
248 4
249 4
250 4
251 4
252 4
253 4
254 4
255 3
256 3
257 3
258 3
259 3
260 3
261 3
262 3
263 3
264 3
265 3
266 3
267 3
268 3
269 3
270 3
271 3
272 3
273 3
274 3
275 3
276 3
277 3
278 3
279 3
280 3
281 3
282 3
283 3
284 3
285 3
286 3
287 3
288 3
289 3
290 3
291 3
292 3
293 3
294 3
295 3
296 3
297 3
298 3
299 3
300 3
301 3
302 3
303 3
304 3
305 3
306 3
307 3
308 3
309 3
310 3
311 3
312 3
313 3
314 3
315 3
316 3
317 3
318 3
319 3
320 3
321 3
322 3
323 3
324 3
325 3
326 3
327 3
328 3
329 3
330 3
331 3
332 3
333 3
334 3
335 3
336 3
337 3
338 3
339 3
340 3
341 3
342 3
343 3
344 3
345 3
346 3
347 3
348 3
349 3
350 3
351 3
352 3
353 3
354 3
355 3
356 3
357 3
358 3
359 3
360 3
361 3
362 3
363 3
364 3
365 3
366 3
367 3
368 3
369 3
370 3
371 3
372 3
373 3
374 3
375 3
376 4
377 4
378 4
379 4
380 4
381 4
382 4
383 4
384 4
385 4
386 4
387 4
388 4
389 4
390 4
391 4
392 4
393 4
394 4
395 4
396 4
397 4
398 4
399 4
400 4
401 4
402 4
403 4
404 4
405 4
406 4
407 4
408 4
409 4
410 4
411 4
412 4
413 4
414 4
415 4
416 4
417 4
418 4
419 4
420 4
421 4
422 4
423 4
424 4
425 4
426 4
427 4
428 4
429 4
430 4
431 4
432 4
433 4
434 4
435 4
436 4
437 4
438 4
439 4
440 4
441 4
442 4
443 4
444 4
445 4
446 4
447 4
448 4
449 4
450 4
451 4
452 4
453 4
454 4
455 4
456 4
457 4
458 4
459 4
460 4
461 4
462 4
463 4
464 4
465 4
466 4
467 4
468 4
469 4
470 4
471 4
472 4
473 4
474 4
475 4
476 4
477 4
478 4
479 4
480 4
481 4
482 4
483 4
484 4
485 4
486 4
487 4
488 4
489 4
490 4
491 4
492 4
493 4
494 4
495 4
496 4
497 4
498 4
499 4
500 4
501 4
502 4
503 4
504 4
505 4
506 4
507 4
508 4
509 4
510 4
511 3
512 3
513 3
514 3
515 3
516 3
517 3
518 3
519 3
520 3
521 3
522 3
523 3
524 3
525 3
526 3
527 3
528 3
529 3
530 3
531 3
532 3
533 3
534 3
535 3
536 3
537 3
538 3
539 3
540 3
541 3
542 3
543 3
544 3
545 3
546 3
547 3
548 3
549 3
550 3
551 3
552 3
553 3
554 3
555 3
556 3
557 3
558 3
559 3
560 3
561 3
562 3
563 3
564 3
565 3
566 3
567 3
568 3
569 3
570 3
571 3
572 3
573 3
574 3
575 3
576 3
577 3
578 3
579 3
580 3
581 3
582 3
583 3
584 3
585 3
586 3
587 3
588 3
589 3
590 3
591 3
592 3
593 3
594 3
595 3
596 3
597 3
598 3
599 3
600 3
601 3
602 3
603 3
604 3
605 3
606 3
607 3
608 3
609 4
610 4
611 4
612 4
613 4
614 4
615 4
616 4
617 4
618 4
619 4
620 4
621 4
622 4
623 4
624 4
625 4
626 4
627 4
628 4
629 4
630 4
631 4
632 4
633 4
634 4
635 4
636 4
637 4
638 4
639 4
640 4
641 4
642 4
643 4
644 4
645 4
646 4
647 4
648 4
649 4
650 4
651 4
652 4
653 4
654 4
655 4
656 4
657 4
658 4
659 4
660 4
661 4
662 4
663 4
664 4
665 4
666 4
667 4
668 4
669 4
670 4
671 4
672 4
673 4
674 4
675 4
676 4
677 4
678 4
679 4
680 4
681 4
682 4
683 4
684 4
685 4
686 4
687 4
688 4
689 4
690 4
691 4
692 4
693 4
694 4
695 4
696 4
697 4
698 4
699 4
700 4
701 4
702 4
703 4
704 4
705 4
706 4
707 4
708 4
709 4
710 4
711 4
712 4
713 4
714 4
715 4
716 4
717 4
718 4
719 4
720 4
721 4
722 4
723 4
724 4
725 4
726 4
727 4
728 4
729 4
730 4
731 4
732 4
733 4
734 4
735 4
736 4
737 4
738 4
739 4
740 4
741 4
742 4
743 4
744 4
745 4
746 4
747 4
748 4
749 4
750 4
751 4
752 4
753 4
754 4
755 4
756 4
757 4
758 4
759 4
760 4
761 4
762 4
763 4
764 4
765 4
766 4
767 4
768 4
769 4
770 4
771 4
772 4
773 4
774 4
775 4
776 4
777 4
778 4
779 4
780 4
781 4
782 4
783 4
784 4
785 4
786 4
787 4
788 4
789 4
790 4
791 4
792 4
793 4
794 4
795 4
796 4
797 4
798 4
799 4
800 4
801 4
802 4
803 4
804 4
805 4
806 4
807 4
808 4
809 4
810 4
811 4
812 4
813 4
814 4
815 4
816 4
817 4
818 4
819 4
820 4
821 4
822 4
823 4
824 4
825 4
826 4
827 4
828 4
829 4
830 4
831 4
832 4
833 4
834 4
835 4
836 4
837 4
838 4
839 4
840 4
841 4
842 4
843 4
844 4
845 4
846 4
847 4
848 4
849 4
850 4
851 4
852 4
853 4
854 4
855 4
856 4
857 4
858 4
859 4
860 4
861 4
862 4
863 4
864 4
865 4
866 4
867 4
868 4
869 4
870 4
871 4
872 4
873 4
874 4
875 4
876 4
877 4
878 4
879 4
880 4
881 4
882 4
883 4
884 4
885 4
886 4
887 4
888 4
889 4
890 4
891 4
892 4
893 4
894 4
895 4
896 4
897 4
898 4
899 4
900 4
901 4
902 4
903 4
904 4
905 4
906 4
907 4
908 4
909 4
910 4
911 4
912 4
913 4
914 4
915 4
916 4
917 4
918 4
919 4
920 4
921 4
922 4
923 4
924 4
925 4
926 4
927 4
928 4
929 4
930 4
931 4
932 4
933 4
934 4
935 4
936 4
937 4
938 4
939 4
940 4
941 4
942 4
943 4
944 4
945 4
946 4
947 4
948 4
949 4
950 4
951 4
952 4
953 4
954 4
955 4
956 4
957 4
958 4
959 4
960 4
961 4
962 4
963 4
964 4
965 4
966 4
967 4
968 4
969 4
970 4
971 4
972 4
973 4
974 4
975 4
976 4
977 4
978 4
979 4
980 4
981 4
982 4
983 4
984 4
985 4
986 5
987 5
988 5
989 5
990 5
991 5
992 5
993 5
994 5
995 5
996 5
997 5
998 5
999 5
1000 5
1001 5
1002 5
1003 5
1004 5
1005 5
1006 5
1007 5
1008 5
1009 5
1010 5
1011 5
1012 5
1013 5
1014 5
1015 5
1016 5
1017 5
1018 5
1019 5
1020 5
1021 5
1022 5
1023 4
1024 4
1025 4
1026 4
1027 4
1028 4
1029 4
1030 4
1031 4
1032 4
1033 4
1034 4
1035 4
1036 4
1037 4
1038 4
1039 4
1040 4
1041 4
1042 4
1043 4
1044 4
1045 4
1046 4
1047 4
1048 4
1049 4
1050 4
1051 4
1052 4
1053 4
1054 4
1055 4
1056 4
1057 4
1058 4
1059 4
1060 4
1061 4
1062 4
1063 4
1064 4
1065 4
1066 4
1067 4
1068 4
1069 4
1070 4
1071 4
1072 4
1073 4
1074 4
1075 4
1076 4
1077 4
1078 4
1079 4
1080 4
1081 4
1082 4
1083 4
1084 4
1085 4
1086 4
1087 4
1088 4
1089 4
1090 4
1091 4
1092 4
1093 4
1094 4
1095 4
1096 4
1097 4
1098 4
1099 4
1100 4
1101 4
1102 4
1103 4
1104 4
1105 4
1106 4
1107 4
1108 4
1109 4
1110 4
1111 4
1112 4
1113 4
1114 4
1115 4
1116 4
1117 4
1118 4
1119 4
1120 4
1121 4
1122 4
1123 4
1124 4
1125 4
1126 4
1127 4
1128 4
1129 4
1130 4
1131 4
1132 4
1133 4
1134 4
1135 4
1136 4
1137 4
1138 4
1139 4
1140 4
1141 4
1142 4
1143 4
1144 4
1145 4
1146 4
1147 4
1148 4
1149 4
1150 4
1151 4
1152 4
1153 4
1154 4
1155 4
1156 4
1157 4
1158 4
1159 4
1160 4
1161 4
1162 4
1163 4
1164 4
1165 4
1166 4
1167 4
1168 4
1169 4
1170 4
1171 4
1172 4
1173 4
1174 4
1175 4
1176 4
1177 4
1178 4
1179 4
1180 4
1181 4
1182 4
1183 4
1184 4
1185 4
1186 4
1187 4
1188 4
1189 4
1190 4
1191 4
1192 4
1193 4
1194 4
1195 4
1196 4
1197 4
1198 4
1199 4
1200 4
1201 4
1202 4
1203 4
1204 4
1205 4
1206 4
1207 4
1208 4
1209 4
1210 4
1211 4
1212 4
1213 4
1214 4
1215 4
1216 4
1217 4
1218 4
1219 4
1220 4
1221 4
1222 4
1223 4
1224 4
1225 4
1226 4
1227 4
1228 4
1229 4
1230 4
1231 4
1232 4
1233 4
1234 4
1235 4
1236 4
1237 4
1238 4
1239 4
1240 4
1241 4
1242 4
1243 4
1244 4
1245 4
1246 4
1247 4
1248 4
1249 4
1250 4
1251 4
1252 4
1253 4
1254 4
1255 4
1256 4
1257 4
1258 4
1259 4
1260 4
1261 4
1262 4
1263 4
1264 4
1265 4
1266 4
1267 4
1268 4
1269 4
1270 4
1271 4
1272 4
1273 4
1274 4
1275 4
1276 4
1277 4
1278 4
1279 4
1280 4
1281 4
1282 4
1283 4
1284 4
1285 4
1286 4
1287 4
1288 4
1289 4
1290 4
1291 4
1292 4
1293 4
1294 4
1295 4
1296 4
1297 4
1298 4
1299 4
1300 4
1301 4
1302 4
1303 4
1304 4
1305 4
1306 4
1307 4
1308 4
1309 4
1310 4
1311 4
1312 4
1313 4
1314 4
1315 4
1316 4
1317 4
1318 4
1319 4
1320 4
1321 4
1322 4
1323 4
1324 4
1325 4
1326 4
1327 4
1328 4
1329 4
1330 4
1331 4
1332 4
1333 4
1334 4
1335 4
1336 4
1337 4
1338 4
1339 4
1340 4
1341 4
1342 4
1343 4
1344 4
1345 4
1346 4
1347 4
1348 4
1349 4
1350 4
1351 4
1352 4
1353 4
1354 4
1355 4
1356 4
1357 4
1358 4
1359 4
1360 4
1361 4
1362 4
1363 4
1364 4
1365 4
1366 4
1367 4
1368 4
1369 4
1370 4
1371 4
1372 4
1373 4
1374 4
1375 4
1376 4
1377 4
1378 4
1379 4
1380 4
1381 4
1382 4
1383 4
1384 4
1385 4
1386 4
1387 4
1388 4
1389 4
1390 4
1391 4
1392 4
1393 4
1394 4
1395 4
1396 4
1397 4
1398 4
1399 4
1400 4
1401 4
1402 4
1403 4
1404 4
1405 4
1406 4
1407 4
1408 4
1409 4
1410 4
1411 4
1412 4
1413 4
1414 4
1415 4
1416 4
1417 4
1418 4
1419 4
1420 4
1421 4
1422 4
1423 4
1424 4
1425 4
1426 4
1427 4
1428 4
1429 4
1430 4
1431 4
1432 4
1433 4
1434 4
1435 4
1436 4
1437 4
1438 4
1439 4
1440 4
1441 4
1442 4
1443 4
1444 4
1445 4
1446 4
1447 4
1448 4
1449 4
1450 4
1451 4
1452 4
1453 4
1454 4
1455 4
1456 4
1457 4
1458 4
1459 4
1460 4
1461 4
1462 4
1463 4
1464 4
1465 4
1466 4
1467 4
1468 4
1469 4
1470 4
1471 4
1472 4
1473 4
1474 4
1475 4
1476 4
1477 4
1478 4
1479 4
1480 4
1481 4
1482 4
1483 4
1484 4
1485 4
1486 4
1487 4
1488 4
1489 4
1490 4
1491 4
1492 4
1493 4
1494 4
1495 4
1496 4
1497 4
1498 4
1499 4
1500 4
1501 4
1502 4
1503 4
1504 4
1505 4
1506 4
1507 4
1508 4
1509 4
1510 4
1511 4
1512 4
1513 4
1514 4
1515 4
1516 4
1517 4
1518 4
1519 4
1520 4
1521 4
1522 4
1523 4
1524 4
1525 4
1526 4
1527 4
1528 4
1529 4
1530 4
1531 4
1532 4
1533 4
1534 4
1535 4
1536 4
1537 4
1538 4
1539 4
1540 4
1541 4
1542 4
1543 4
1544 4
1545 4
1546 4
1547 4
1548 4
1549 4
1550 4
1551 4
1552 4
1553 4
1554 4
1555 4
1556 4
1557 4
1558 4
1559 4
1560 4
1561 4
1562 4
1563 4
1564 4
1565 4
1566 4
1567 4
1568 4
1569 4
1570 4
1571 4
1572 4
1573 4
1574 4
1575 4
1576 4
1577 4
1578 4
1579 4
1580 4
1581 4
1582 4
1583 4
1584 4
1585 4
1586 4
1587 4
1588 4
1589 4
1590 4
1591 4
1592 4
1593 4
1594 4
1595 4
1596 5
1597 5
1598 5
1599 5
1600 5
1601 5
1602 5
1603 5
1604 5
1605 5
1606 5
1607 5
1608 5
1609 5
1610 5
1611 5
1612 5
1613 5
1614 5
1615 5
1616 5
1617 5
1618 5
1619 5
1620 5
1621 5
1622 5
1623 5
1624 5
1625 5
1626 5
1627 5
1628 5
1629 5
1630 5
1631 5
1632 5
1633 5
1634 5
1635 5
1636 5
1637 5
1638 5
1639 5
1640 5
1641 5
1642 5
1643 5
1644 5
1645 5
1646 5
1647 5
1648 5
1649 5
1650 5
1651 5
1652 5
1653 5
1654 5
1655 5
1656 5
1657 5
1658 5
1659 5
1660 5
1661 5
1662 5
1663 5
1664 5
1665 5
1666 5
1667 5
1668 5
1669 5
1670 5
1671 5
1672 5
1673 5
1674 5
1675 5
1676 5
1677 5
1678 5
1679 5
1680 5
1681 5
1682 5
1683 5
1684 5
1685 5
1686 5
1687 5
1688 5
1689 5
1690 5
1691 5
1692 5
1693 5
1694 5
1695 5
1696 5
1697 5
1698 5
1699 5
1700 5
1701 5
1702 5
1703 5
1704 5
1705 5
1706 5
1707 5
1708 5
1709 5
1710 5
1711 5
1712 5
1713 5
1714 5
1715 5
1716 5
1717 5
1718 5
1719 5
1720 5
1721 5
1722 5
1723 5
1724 5
1725 5
1726 5
1727 5
1728 5
1729 5
1730 5
1731 5
1732 5
1733 5
1734 5
1735 5
1736 5
1737 5
1738 5
1739 5
1740 5
1741 5
1742 5
1743 5
1744 5
1745 5
1746 5
1747 5
1748 5
1749 5
1750 5
1751 5
1752 5
1753 5
1754 5
1755 5
1756 5
1757 5
1758 5
1759 5
1760 5
1761 5
1762 5
1763 5
1764 5
1765 5
1766 5
1767 5
1768 5
1769 5
1770 5
1771 5
1772 5
1773 5
1774 5
1775 5
1776 5
1777 5
1778 5
1779 5
1780 5
1781 5
1782 5
1783 5
1784 5
1785 5
1786 5
1787 5
1788 5
1789 5
1790 5
1791 5
1792 5
1793 5
1794 5
1795 5
1796 5
1797 5
1798 5
1799 5
1800 5
1801 5
1802 5
1803 5
1804 5
1805 5
1806 5
1807 5
1808 5
1809 5
1810 5
1811 5
1812 5
1813 5
1814 5
1815 5
1816 5
1817 5
1818 5
1819 5
1820 5
1821 5
1822 5
1823 5
1824 5
1825 5
1826 5
1827 5
1828 5
1829 5
1830 5
1831 5
1832 5
1833 5
1834 5
1835 5
1836 5
1837 5
1838 5
1839 5
1840 5
1841 5
1842 5
1843 5
1844 5
1845 5
1846 5
1847 5
1848 5
1849 5
1850 5
1851 5
1852 5
1853 5
1854 5
1855 5
1856 5
1857 5
1858 5
1859 5
1860 5
1861 5
1862 5
1863 5
1864 5
1865 5
1866 5
1867 5
1868 5
1869 5
1870 5
1871 5
1872 5
1873 5
1874 5
1875 5
1876 5
1877 5
1878 5
1879 5
1880 5
1881 5
1882 5
1883 5
1884 5
1885 5
1886 5
1887 5
1888 5
1889 5
1890 5
1891 5
1892 5
1893 5
1894 5
1895 5
1896 5
1897 5
1898 5
1899 5
1900 5
1901 5
1902 5
1903 5
1904 5
1905 5
1906 5
1907 5
1908 5
1909 5
1910 5
1911 5
1912 5
1913 5
1914 5
1915 5
1916 5
1917 5
1918 5
1919 5
1920 5
1921 5
1922 5
1923 5
1924 5
1925 5
1926 5
1927 5
1928 5
1929 5
1930 5
1931 5
1932 5
1933 5
1934 5
1935 5
1936 5
1937 5
1938 5
1939 5
1940 5
1941 5
1942 5
1943 5
1944 5
1945 5
1946 5
1947 5
1948 5
1949 5
1950 5
1951 5
1952 5
1953 5
1954 5
1955 5
1956 5
1957 5
1958 5
1959 5
1960 5
1961 5
1962 5
1963 5
1964 5
1965 5
1966 5
1967 5
1968 5
1969 5
1970 5
1971 5
1972 5
1973 5
1974 5
1975 5
1976 5
1977 5
1978 5
1979 5
1980 5
1981 5
1982 5
1983 5
1984 5
1985 5
1986 5
1987 5
1988 5
1989 5
1990 5
1991 5
1992 5
1993 5
1994 5
1995 5
1996 5
1997 5
1998 5
1999 5
2000 5
2001 5
2002 5
2003 5
2004 5
2005 5
2006 5
2007 5
2008 5
2009 5
2010 5
2011 5
2012 5
2013 5
2014 5
2015 5
2016 5
2017 5
2018 5
2019 5
2020 5
2021 5
2022 5
2023 5
2024 5
2025 5
2026 5
2027 5
2028 5
2029 5
2030 5
2031 5
2032 5
2033 5
2034 5
2035 5
2036 5
2037 5
2038 5
2039 5
2040 5
2041 5
2042 5
2043 5
2044 5
2045 5
2046 5
2047 4
2048 4
2049 4
2050 4
2051 4
2052 4
2053 4
2054 4
2055 4
2056 4
2057 4
2058 4
2059 4
2060 4
2061 4
2062 4
2063 4
2064 4
2065 4
2066 4
2067 4
2068 4
2069 4
2070 4
2071 4
2072 4
2073 4
2074 4
2075 4
2076 4
2077 4
2078 4
2079 4
2080 4
2081 4
2082 4
2083 4
2084 4
2085 4
2086 4
2087 4
2088 4
2089 4
2090 4
2091 4
2092 4
2093 4
2094 4
2095 4
2096 4
2097 4
2098 4
2099 4
2100 4
2101 4
2102 4
2103 4
2104 4
2105 4
2106 4
2107 4
2108 4
2109 4
2110 4
2111 4
2112 4
2113 4
2114 4
2115 4
2116 4
2117 4
2118 4
2119 4
2120 4
2121 4
2122 4
2123 4
2124 4
2125 4
2126 4
2127 4
2128 4
2129 4
2130 4
2131 4
2132 4
2133 4
2134 4
2135 4
2136 4
2137 4
2138 4
2139 4
2140 4
2141 4
2142 4
2143 4
2144 4
2145 4
2146 4
2147 4
2148 4
2149 4
2150 4
2151 4
2152 4
2153 4
2154 4
2155 4
2156 4
2157 4
2158 4
2159 4
2160 4
2161 4
2162 4
2163 4
2164 4
2165 4
2166 4
2167 4
2168 4
2169 4
2170 4
2171 4
2172 4
2173 4
2174 4
2175 4
2176 4
2177 4
2178 4
2179 4
2180 4
2181 4
2182 4
2183 4
2184 4
2185 4
2186 4
2187 4
2188 4
2189 4
2190 4
2191 4
2192 4
2193 4
2194 4
2195 4
2196 4
2197 4
2198 4
2199 4
2200 4
2201 4
2202 4
2203 4
2204 4
2205 4
2206 4
2207 4
2208 4
2209 4
2210 4
2211 4
2212 4
2213 4
2214 4
2215 4
2216 4
2217 4
2218 4
2219 4
2220 4
2221 4
2222 4
2223 4
2224 4
2225 4
2226 4
2227 4
2228 4
2229 4
2230 4
2231 4
2232 4
2233 4
2234 4
2235 4
2236 4
2237 4
2238 4
2239 4
2240 4
2241 4
2242 4
2243 4
2244 4
2245 4
2246 4
2247 4
2248 4
2249 4
2250 4
2251 4
2252 4
2253 4
2254 4
2255 4
2256 4
2257 4
2258 4
2259 4
2260 4
2261 4
2262 4
2263 4
2264 4
2265 4
2266 4
2267 4
2268 4
2269 4
2270 4
2271 4
2272 4
2273 4
2274 4
2275 4
2276 4
2277 4
2278 4
2279 4
2280 4
2281 4
2282 4
2283 4
2284 4
2285 4
2286 4
2287 4
2288 4
2289 4
2290 4
2291 4
2292 4
2293 4
2294 4
2295 4
2296 4
2297 4
2298 4
2299 4
2300 4
2301 4
2302 4
2303 4
2304 4
2305 4
2306 4
2307 4
2308 4
2309 4
2310 4
2311 4
2312 4
2313 4
2314 4
2315 4
2316 4
2317 4
2318 4
2319 4
2320 4
2321 4
2322 4
2323 4
2324 4
2325 4
2326 4
2327 4
2328 4
2329 4
2330 4
2331 4
2332 4
2333 4
2334 4
2335 4
2336 4
2337 4
2338 4
2339 4
2340 4
2341 4
2342 4
2343 4
2344 4
2345 4
2346 4
2347 4
2348 4
2349 4
2350 4
2351 4
2352 4
2353 4
2354 4
2355 4
2356 4
2357 4
2358 4
2359 4
2360 4
2361 4
2362 4
2363 4
2364 4
2365 4
2366 4
2367 4
2368 4
2369 4
2370 4
2371 4
2372 4
2373 4
2374 4
2375 4
2376 4
2377 4
2378 4
2379 4
2380 4
2381 4
2382 4
2383 4
2384 4
2385 4
2386 4
2387 4
2388 4
2389 4
2390 4
2391 4
2392 4
2393 4
2394 4
2395 4
2396 4
2397 4
2398 4
2399 4
2400 4
2401 4
2402 4
2403 4
2404 4
2405 4
2406 4
2407 4
2408 4
2409 4
2410 4
2411 4
2412 4
2413 4
2414 4
2415 4
2416 4
2417 4
2418 4
2419 4
2420 4
2421 4
2422 4
2423 4
2424 4
2425 4
2426 4
2427 4
2428 4
2429 4
2430 4
2431 4
2432 4
2433 4
2434 4
2435 4
2436 4
2437 4
2438 4
2439 4
2440 4
2441 4
2442 4
2443 4
2444 4
2445 4
2446 4
2447 4
2448 4
2449 4
2450 4
2451 4
2452 4
2453 4
2454 4
2455 4
2456 4
2457 4
2458 4
2459 4
2460 4
2461 4
2462 4
2463 4
2464 4
2465 4
2466 4
2467 4
2468 4
2469 4
2470 4
2471 4
2472 4
2473 4
2474 4
2475 4
2476 4
2477 4
2478 4
2479 4
2480 4
2481 4
2482 4
2483 4
2484 4
2485 4
2486 4
2487 4
2488 4
2489 4
2490 4
2491 4
2492 4
2493 4
2494 4
2495 4
2496 4
2497 4
2498 4
2499 4
2500 4
2501 4
2502 4
2503 4
2504 4
2505 4
2506 4
2507 4
2508 4
2509 4
2510 4
2511 4
2512 4
2513 4
2514 4
2515 4
2516 4
2517 4
2518 4
2519 4
2520 4
2521 4
2522 4
2523 4
2524 4
2525 4
2526 4
2527 4
2528 4
2529 4
2530 4
2531 4
2532 4
2533 4
2534 4
2535 4
2536 4
2537 4
2538 4
2539 4
2540 4
2541 4
2542 4
2543 4
2544 4
2545 4
2546 4
2547 4
2548 4
2549 4
2550 4
2551 4
2552 4
2553 4
2554 4
2555 4
2556 4
2557 4
2558 4
2559 4
2560 4
2561 4
2562 4
2563 4
2564 4
2565 4
2566 4
2567 4
2568 4
2569 4
2570 4
2571 4
2572 4
2573 4
2574 4
2575 4
2576 4
2577 4
2578 4
2579 4
2580 4
2581 4
2582 4
2583 5
2584 5
2585 5
2586 5
2587 5
2588 5
2589 5
2590 5
2591 5
2592 5
2593 5
2594 5
2595 5
2596 5
2597 5
2598 5
2599 5
2600 5
2601 5
2602 5
2603 5
2604 5
2605 5
2606 5
2607 5
2608 5
2609 5
2610 5
2611 5
2612 5
2613 5
2614 5
2615 5
2616 5
2617 5
2618 5
2619 5
2620 5
2621 5
2622 5
2623 5
2624 5
2625 5
2626 5
2627 5
2628 5
2629 5
2630 5
2631 5
2632 5
2633 5
2634 5
2635 5
2636 5
2637 5
2638 5
2639 5
2640 5
2641 5
2642 5
2643 5
2644 5
2645 5
2646 5
2647 5
2648 5
2649 5
2650 5
2651 5
2652 5
2653 5
2654 5
2655 5
2656 5
2657 5
2658 5
2659 5
2660 5
2661 5
2662 5
2663 5
2664 5
2665 5
2666 5
2667 5
2668 5
2669 5
2670 5
2671 5
2672 5
2673 5
2674 5
2675 5
2676 5
2677 5
2678 5
2679 5
2680 5
2681 5
2682 5
2683 5
2684 5
2685 5
2686 5
2687 5
2688 5
2689 5
2690 5
2691 5
2692 5
2693 5
2694 5
2695 5
2696 5
2697 5
2698 5
2699 5
2700 5
2701 5
2702 5
2703 5
2704 5
2705 5
2706 5
2707 5
2708 5
2709 5
2710 5
2711 5
2712 5
2713 5
2714 5
2715 5
2716 5
2717 5
2718 5
2719 5
2720 5
2721 5
2722 5
2723 5
2724 5
2725 5
2726 5
2727 5
2728 5
2729 5
2730 5
2731 5
2732 5
2733 5
2734 5
2735 5
2736 5
2737 5
2738 5
2739 5
2740 5
2741 5
2742 5
2743 5
2744 5
2745 5
2746 5
2747 5
2748 5
2749 5
2750 5
2751 5
2752 5
2753 5
2754 5
2755 5
2756 5
2757 5
2758 5
2759 5
2760 5
2761 5
2762 5
2763 5
2764 5
2765 5
2766 5
2767 5
2768 5
2769 5
2770 5
2771 5
2772 5
2773 5
2774 5
2775 5
2776 5
2777 5
2778 5
2779 5
2780 5
2781 5
2782 5
2783 5
2784 5
2785 5
2786 5
2787 5
2788 5
2789 5
2790 5
2791 5
2792 5
2793 5
2794 5
2795 5
2796 5
2797 5
2798 5
2799 5
2800 5
2801 5
2802 5
2803 5
2804 5
2805 5
2806 5
2807 5
2808 5
2809 5
2810 5
2811 5
2812 5
2813 5
2814 5
2815 5
2816 5
2817 5
2818 5
2819 5
2820 5
2821 5
2822 5
2823 5
2824 5
2825 5
2826 5
2827 5
2828 5
2829 5
2830 5
2831 5
2832 5
2833 5
2834 5
2835 5
2836 5
2837 5
2838 5
2839 5
2840 5
2841 5
2842 5
2843 5
2844 5
2845 5
2846 5
2847 5
2848 5
2849 5
2850 5
2851 5
2852 5
2853 5
2854 5
2855 5
2856 5
2857 5
2858 5
2859 5
2860 5
2861 5
2862 5
2863 5
2864 5
2865 5
2866 5
2867 5
2868 5
2869 5
2870 5
2871 5
2872 5
2873 5
2874 5
2875 5
2876 5
2877 5
2878 5
2879 5
2880 5
2881 5
2882 5
2883 5
2884 5
2885 5
2886 5
2887 5
2888 5
2889 5
2890 5
2891 5
2892 5
2893 5
2894 5
2895 5
2896 5
2897 5
2898 5
2899 5
2900 5
2901 5
2902 5
2903 5
2904 5
2905 5
2906 5
2907 5
2908 5
2909 5
2910 5
2911 5
2912 5
2913 5
2914 5
2915 5
2916 5
2917 5
2918 5
2919 5
2920 5
2921 5
2922 5
2923 5
2924 5
2925 5
2926 5
2927 5
2928 5
2929 5
2930 5
2931 5
2932 5
2933 5
2934 5
2935 5
2936 5
2937 5
2938 5
2939 5
2940 5
2941 5
2942 5
2943 5
2944 5
2945 5
2946 5
2947 5
2948 5
2949 5
2950 5
2951 5
2952 5
2953 5
2954 5
2955 5
2956 5
2957 5
2958 5
2959 5
2960 5
2961 5
2962 5
2963 5
2964 5
2965 5
2966 5
2967 5
2968 5
2969 5
2970 5
2971 5
2972 5
2973 5
2974 5
2975 5
2976 5
2977 5
2978 5
2979 5
2980 5
2981 5
2982 5
2983 5
2984 5
2985 5
2986 5
2987 5
2988 5
2989 5
2990 5
2991 5
2992 5
2993 5
2994 5
2995 5
2996 5
2997 5
2998 5
2999 5
3000 5
3001 5
3002 5
3003 5
3004 5
3005 5
3006 5
3007 5
3008 5
3009 5
3010 5
3011 5
3012 5
3013 5
3014 5
3015 5
3016 5
3017 5
3018 5
3019 5
3020 5
3021 5
3022 5
3023 5
3024 5
3025 5
3026 5
3027 5
3028 5
3029 5
3030 5
3031 5
3032 5
3033 5
3034 5
3035 5
3036 5
3037 5
3038 5
3039 5
3040 5
3041 5
3042 5
3043 5
3044 5
3045 5
3046 5
3047 5
3048 5
3049 5
3050 5
3051 5
3052 5
3053 5
3054 5
3055 5
3056 5
3057 5
3058 5
3059 5
3060 5
3061 5
3062 5
3063 5
3064 5
3065 5
3066 5
3067 5
3068 5
3069 5
3070 5
3071 5
3072 5
3073 5
3074 5
3075 5
3076 5
3077 5
3078 5
3079 5
3080 5
3081 5
3082 5
3083 5
3084 5
3085 5
3086 5
3087 5
3088 5
3089 5
3090 5
3091 5
3092 5
3093 5
3094 5
3095 5
3096 5
3097 5
3098 5
3099 5
3100 5
3101 5
3102 5
3103 5
3104 5
3105 5
3106 5
3107 5
3108 5
3109 5
3110 5
3111 5
3112 5
3113 5
3114 5
3115 5
3116 5
3117 5
3118 5
3119 5
3120 5
3121 5
3122 5
3123 5
3124 5
3125 5
3126 5
3127 5
3128 5
3129 5
3130 5
3131 5
3132 5
3133 5
3134 5
3135 5
3136 5
3137 5
3138 5
3139 5
3140 5
3141 5
3142 5
3143 5
3144 5
3145 5
3146 5
3147 5
3148 5
3149 5
3150 5
3151 5
3152 5
3153 5
3154 5
3155 5
3156 5
3157 5
3158 5
3159 5
3160 5
3161 5
3162 5
3163 5
3164 5
3165 5
3166 5
3167 5
3168 5
3169 5
3170 5
3171 5
3172 5
3173 5
3174 5
3175 5
3176 5
3177 5
3178 5
3179 5
3180 5
3181 5
3182 5
3183 5
3184 5
3185 5
3186 5
3187 5
3188 5
3189 5
3190 5
3191 5
3192 5
3193 5
3194 5
3195 5
3196 5
3197 5
3198 5
3199 5
3200 5
3201 5
3202 5
3203 5
3204 5
3205 5
3206 5
3207 5
3208 5
3209 5
3210 5
3211 5
3212 5
3213 5
3214 5
3215 5
3216 5
3217 5
3218 5
3219 5
3220 5
3221 5
3222 5
3223 5
3224 5
3225 5
3226 5
3227 5
3228 5
3229 5
3230 5
3231 5
3232 5
3233 5
3234 5
3235 5
3236 5
3237 5
3238 5
3239 5
3240 5
3241 5
3242 5
3243 5
3244 5
3245 5
3246 5
3247 5
3248 5
3249 5
3250 5
3251 5
3252 5
3253 5
3254 5
3255 5
3256 5
3257 5
3258 5
3259 5
3260 5
3261 5
3262 5
3263 5
3264 5
3265 5
3266 5
3267 5
3268 5
3269 5
3270 5
3271 5
3272 5
3273 5
3274 5
3275 5
3276 5
3277 5
3278 5
3279 5
3280 5
3281 5
3282 5
3283 5
3284 5
3285 5
3286 5
3287 5
3288 5
3289 5
3290 5
3291 5
3292 5
3293 5
3294 5
3295 5
3296 5
3297 5
3298 5
3299 5
3300 5
3301 5
3302 5
3303 5
3304 5
3305 5
3306 5
3307 5
3308 5
3309 5
3310 5
3311 5
3312 5
3313 5
3314 5
3315 5
3316 5
3317 5
3318 5
3319 5
3320 5
3321 5
3322 5
3323 5
3324 5
3325 5
3326 5
3327 5
3328 5
3329 5
3330 5
3331 5
3332 5
3333 5
3334 5
3335 5
3336 5
3337 5
3338 5
3339 5
3340 5
3341 5
3342 5
3343 5
3344 5
3345 5
3346 5
3347 5
3348 5
3349 5
3350 5
3351 5
3352 5
3353 5
3354 5
3355 5
3356 5
3357 5
3358 5
3359 5
3360 5
3361 5
3362 5
3363 5
3364 5
3365 5
3366 5
3367 5
3368 5
3369 5
3370 5
3371 5
3372 5
3373 5
3374 5
3375 5
3376 5
3377 5
3378 5
3379 5
3380 5
3381 5
3382 5
3383 5
3384 5
3385 5
3386 5
3387 5
3388 5
3389 5
3390 5
3391 5
3392 5
3393 5
3394 5
3395 5
3396 5
3397 5
3398 5
3399 5
3400 5
3401 5
3402 5
3403 5
3404 5
3405 5
3406 5
3407 5
3408 5
3409 5
3410 5
3411 5
3412 5
3413 5
3414 5
3415 5
3416 5
3417 5
3418 5
3419 5
3420 5
3421 5
3422 5
3423 5
3424 5
3425 5
3426 5
3427 5
3428 5
3429 5
3430 5
3431 5
3432 5
3433 5
3434 5
3435 5
3436 5
3437 5
3438 5
3439 5
3440 5
3441 5
3442 5
3443 5
3444 5
3445 5
3446 5
3447 5
3448 5
3449 5
3450 5
3451 5
3452 5
3453 5
3454 5
3455 5
3456 5
3457 5
3458 5
3459 5
3460 5
3461 5
3462 5
3463 5
3464 5
3465 5
3466 5
3467 5
3468 5
3469 5
3470 5
3471 5
3472 5
3473 5
3474 5
3475 5
3476 5
3477 5
3478 5
3479 5
3480 5
3481 5
3482 5
3483 5
3484 5
3485 5
3486 5
3487 5
3488 5
3489 5
3490 5
3491 5
3492 5
3493 5
3494 5
3495 5
3496 5
3497 5
3498 5
3499 5
3500 5
3501 5
3502 5
3503 5
3504 5
3505 5
3506 5
3507 5
3508 5
3509 5
3510 5
3511 5
3512 5
3513 5
3514 5
3515 5
3516 5
3517 5
3518 5
3519 5
3520 5
3521 5
3522 5
3523 5
3524 5
3525 5
3526 5
3527 5
3528 5
3529 5
3530 5
3531 5
3532 5
3533 5
3534 5
3535 5
3536 5
3537 5
3538 5
3539 5
3540 5
3541 5
3542 5
3543 5
3544 5
3545 5
3546 5
3547 5
3548 5
3549 5
3550 5
3551 5
3552 5
3553 5
3554 5
3555 5
3556 5
3557 5
3558 5
3559 5
3560 5
3561 5
3562 5
3563 5
3564 5
3565 5
3566 5
3567 5
3568 5
3569 5
3570 5
3571 5
3572 5
3573 5
3574 5
3575 5
3576 5
3577 5
3578 5
3579 5
3580 5
3581 5
3582 5
3583 5
3584 5
3585 5
3586 5
3587 5
3588 5
3589 5
3590 5
3591 5
3592 5
3593 5
3594 5
3595 5
3596 5
3597 5
3598 5
3599 5
3600 5
3601 5
3602 5
3603 5
3604 5
3605 5
3606 5
3607 5
3608 5
3609 5
3610 5
3611 5
3612 5
3613 5
3614 5
3615 5
3616 5
3617 5
3618 5
3619 5
3620 5
3621 5
3622 5
3623 5
3624 5
3625 5
3626 5
3627 5
3628 5
3629 5
3630 5
3631 5
3632 5
3633 5
3634 5
3635 5
3636 5
3637 5
3638 5
3639 5
3640 5
3641 5
3642 5
3643 5
3644 5
3645 5
3646 5
3647 5
3648 5
3649 5
3650 5
3651 5
3652 5
3653 5
3654 5
3655 5
3656 5
3657 5
3658 5
3659 5
3660 5
3661 5
3662 5
3663 5
3664 5
3665 5
3666 5
3667 5
3668 5
3669 5
3670 5
3671 5
3672 5
3673 5
3674 5
3675 5
3676 5
3677 5
3678 5
3679 5
3680 5
3681 5
3682 5
3683 5
3684 5
3685 5
3686 5
3687 5
3688 5
3689 5
3690 5
3691 5
3692 5
3693 5
3694 5
3695 5
3696 5
3697 5
3698 5
3699 5
3700 5
3701 5
3702 5
3703 5
3704 5
3705 5
3706 5
3707 5
3708 5
3709 5
3710 5
3711 5
3712 5
3713 5
3714 5
3715 5
3716 5
3717 5
3718 5
3719 5
3720 5
3721 5
3722 5
3723 5
3724 5
3725 5
3726 5
3727 5
3728 5
3729 5
3730 5
3731 5
3732 5
3733 5
3734 5
3735 5
3736 5
3737 5
3738 5
3739 5
3740 5
3741 5
3742 5
3743 5
3744 5
3745 5
3746 5
3747 5
3748 5
3749 5
3750 5
3751 5
3752 5
3753 5
3754 5
3755 5
3756 5
3757 5
3758 5
3759 5
3760 5
3761 5
3762 5
3763 5
3764 5
3765 5
3766 5
3767 5
3768 5
3769 5
3770 5
3771 5
3772 5
3773 5
3774 5
3775 5
3776 5
3777 5
3778 5
3779 5
3780 5
3781 5
3782 5
3783 5
3784 5
3785 5
3786 5
3787 5
3788 5
3789 5
3790 5
3791 5
3792 5
3793 5
3794 5
3795 5
3796 5
3797 5
3798 5
3799 5
3800 5
3801 5
3802 5
3803 5
3804 5
3805 5
3806 5
3807 5
3808 5
3809 5
3810 5
3811 5
3812 5
3813 5
3814 5
3815 5
3816 5
3817 5
3818 5
3819 5
3820 5
3821 5
3822 5
3823 5
3824 5
3825 5
3826 5
3827 5
3828 5
3829 5
3830 5
3831 5
3832 5
3833 5
3834 5
3835 5
3836 5
3837 5
3838 5
3839 5
3840 5
3841 5
3842 5
3843 5
3844 5
3845 5
3846 5
3847 5
3848 5
3849 5
3850 5
3851 5
3852 5
3853 5
3854 5
3855 5
3856 5
3857 5
3858 5
3859 5
3860 5
3861 5
3862 5
3863 5
3864 5
3865 5
3866 5
3867 5
3868 5
3869 5
3870 5
3871 5
3872 5
3873 5
3874 5
3875 5
3876 5
3877 5
3878 5
3879 5
3880 5
3881 5
3882 5
3883 5
3884 5
3885 5
3886 5
3887 5
3888 5
3889 5
3890 5
3891 5
3892 5
3893 5
3894 5
3895 5
3896 5
3897 5
3898 5
3899 5
3900 5
3901 5
3902 5
3903 5
3904 5
3905 5
3906 5
3907 5
3908 5
3909 5
3910 5
3911 5
3912 5
3913 5
3914 5
3915 5
3916 5
3917 5
3918 5
3919 5
3920 5
3921 5
3922 5
3923 5
3924 5
3925 5
3926 5
3927 5
3928 5
3929 5
3930 5
3931 5
3932 5
3933 5
3934 5
3935 5
3936 5
3937 5
3938 5
3939 5
3940 5
3941 5
3942 5
3943 5
3944 5
3945 5
3946 5
3947 5
3948 5
3949 5
3950 5
3951 5
3952 5
3953 5
3954 5
3955 5
3956 5
3957 5
3958 5
3959 5
3960 5
3961 5
3962 5
3963 5
3964 5
3965 5
3966 5
3967 5
3968 5
3969 5
3970 5
3971 5
3972 5
3973 5
3974 5
3975 5
3976 5
3977 5
3978 5
3979 5
3980 5
3981 5
3982 5
3983 5
3984 5
3985 5
3986 5
3987 5
3988 5
3989 5
3990 5
3991 5
3992 5
3993 5
3994 5
3995 5
3996 5
3997 5
3998 5
3999 5
4000 5
4001 5
4002 5
4003 5
4004 5
4005 5
4006 5
4007 5
4008 5
4009 5
4010 5
4011 5
4012 5
4013 5
4014 5
4015 5
4016 5
4017 5
4018 5
4019 5
4020 5
4021 5
4022 5
4023 5
4024 5
4025 5
4026 5
4027 5
4028 5
4029 5
4030 5
4031 5
4032 5
4033 5
4034 5
4035 5
4036 5
4037 5
4038 5
4039 5
4040 5
4041 5
4042 5
4043 5
4044 5
4045 5
4046 5
4047 5
4048 5
4049 5
4050 5
4051 5
4052 5
4053 5
4054 5
4055 5
4056 5
4057 5
4058 5
4059 5
4060 5
4061 5
4062 5
4063 5
4064 5
4065 5
4066 5
4067 5
4068 5
4069 5
4070 5
4071 5
4072 5
4073 5
4074 5
4075 5
4076 5
4077 5
4078 5
4079 5
4080 5
4081 5
4082 5
4083 5
4084 5
4085 5
4086 5
4087 5
4088 5
4089 5
4090 5
4091 5
4092 5
4093 5
4094 5
4095 4
4096 4
4097 4
4098 4
4099 4
4100 4
4101 4
4102 4
4103 4
4104 4
4105 4
4106 4
4107 4
4108 4
4109 4
4110 4
4111 4
4112 4
4113 4
4114 4
4115 4
4116 4
4117 4
4118 4
4119 4
4120 4
4121 4
4122 4
4123 4
4124 4
4125 4
4126 4
4127 4
4128 4
4129 4
4130 4
4131 4
4132 4
4133 4
4134 4
4135 4
4136 4
4137 4
4138 4
4139 4
4140 4
4141 4
4142 4
4143 4
4144 4
4145 4
4146 4
4147 4
4148 4
4149 4
4150 4
4151 4
4152 4
4153 4
4154 4
4155 4
4156 4
4157 4
4158 4
4159 4
4160 4
4161 4
4162 4
4163 4
4164 4
4165 4
4166 4
4167 4
4168 4
4169 4
4170 4
4171 4
4172 4
4173 4
4174 4
4175 4
4176 4
4177 4
4178 4
4179 4
4180 5
4181 5
4182 5
4183 5
4184 5
4185 5
4186 5
4187 5
4188 5
4189 5
4190 5
4191 5
4192 5
4193 5
4194 5
4195 5
4196 5
4197 5
4198 5
4199 5
4200 5
4201 5
4202 5
4203 5
4204 5
4205 5
4206 5
4207 5
4208 5
4209 5
4210 5
4211 5
4212 5
4213 5
4214 5
4215 5
4216 5
4217 5
4218 5
4219 5
4220 5
4221 5
4222 5
4223 5
4224 5
4225 5
4226 5
4227 5
4228 5
4229 5
4230 5
4231 5
4232 5
4233 5
4234 5
4235 5
4236 5
4237 5
4238 5
4239 5
4240 5
4241 5
4242 5
4243 5
4244 5
4245 5
4246 5
4247 5
4248 5
4249 5
4250 5
4251 5
4252 5
4253 5
4254 5
4255 5
4256 5
4257 5
4258 5
4259 5
4260 5
4261 5
4262 5
4263 5
4264 5
4265 5
4266 5
4267 5
4268 5
4269 5
4270 5
4271 5
4272 5
4273 5
4274 5
4275 5
4276 5
4277 5
4278 5
4279 5
4280 5
4281 5
4282 5
4283 5
4284 5
4285 5
4286 5
4287 5
4288 5
4289 5
4290 5
4291 5
4292 5
4293 5
4294 5
4295 5
4296 5
4297 5
4298 5
4299 5
4300 5
4301 5
4302 5
4303 5
4304 5
4305 5
4306 5
4307 5
4308 5
4309 5
4310 5
4311 5
4312 5
4313 5
4314 5
4315 5
4316 5
4317 5
4318 5
4319 5
4320 5
4321 5
4322 5
4323 5
4324 5
4325 5
4326 5
4327 5
4328 5
4329 5
4330 5
4331 5
4332 5
4333 5
4334 5
4335 5
4336 5
4337 5
4338 5
4339 5
4340 5
4341 5
4342 5
4343 5
4344 5
4345 5
4346 5
4347 5
4348 5
4349 5
4350 5
4351 5
4352 5
4353 5
4354 5
4355 5
4356 5
4357 5
4358 5
4359 5
4360 5
4361 5
4362 5
4363 5
4364 5
4365 5
4366 5
4367 5
4368 5
4369 5
4370 5
4371 5
4372 5
4373 5
4374 5
4375 5
4376 5
4377 5
4378 5
4379 5
4380 5
4381 5
4382 5
4383 5
4384 5
4385 5
4386 5
4387 5
4388 5
4389 5
4390 5
4391 5
4392 5
4393 5
4394 5
4395 5
4396 5
4397 5
4398 5
4399 5
4400 5
4401 5
4402 5
4403 5
4404 5
4405 5
4406 5
4407 5
4408 5
4409 5
4410 5
4411 5
4412 5
4413 5
4414 5
4415 5
4416 5
4417 5
4418 5
4419 5
4420 5
4421 5
4422 5
4423 5
4424 5
4425 5
4426 5
4427 5
4428 5
4429 5
4430 5
4431 5
4432 5
4433 5
4434 5
4435 5
4436 5
4437 5
4438 5
4439 5
4440 5
4441 5
4442 5
4443 5
4444 5
4445 5
4446 5
4447 5
4448 5
4449 5
4450 5
4451 5
4452 5
4453 5
4454 5
4455 5
4456 5
4457 5
4458 5
4459 5
4460 5
4461 5
4462 5
4463 5
4464 5
4465 5
4466 5
4467 5
4468 5
4469 5
4470 5
4471 5
4472 5
4473 5
4474 5
4475 5
4476 5
4477 5
4478 5
4479 5
4480 5
4481 5
4482 5
4483 5
4484 5
4485 5
4486 5
4487 5
4488 5
4489 5
4490 5
4491 5
4492 5
4493 5
4494 5
4495 5
4496 5
4497 5
4498 5
4499 5
4500 5
4501 5
4502 5
4503 5
4504 5
4505 5
4506 5
4507 5
4508 5
4509 5
4510 5
4511 5
4512 5
4513 5
4514 5
4515 5
4516 5
4517 5
4518 5
4519 5
4520 5
4521 5
4522 5
4523 5
4524 5
4525 5
4526 5
4527 5
4528 5
4529 5
4530 5
4531 5
4532 5
4533 5
4534 5
4535 5
4536 5
4537 5
4538 5
4539 5
4540 5
4541 5
4542 5
4543 5
4544 5
4545 5
4546 5
4547 5
4548 5
4549 5
4550 5
4551 5
4552 5
4553 5
4554 5
4555 5
4556 5
4557 5
4558 5
4559 5
4560 5
4561 5
4562 5
4563 5
4564 5
4565 5
4566 5
4567 5
4568 5
4569 5
4570 5
4571 5
4572 5
4573 5
4574 5
4575 5
4576 5
4577 5
4578 5
4579 5
4580 5
4581 5
4582 5
4583 5
4584 5
4585 5
4586 5
4587 5
4588 5
4589 5
4590 5
4591 5
4592 5
4593 5
4594 5
4595 5
4596 5
4597 5
4598 5
4599 5
4600 5
4601 5
4602 5
4603 5
4604 5
4605 5
4606 5
4607 5
4608 5
4609 5
4610 5
4611 5
4612 5
4613 5
4614 5
4615 5
4616 5
4617 5
4618 5
4619 5
4620 5
4621 5
4622 5
4623 5
4624 5
4625 5
4626 5
4627 5
4628 5
4629 5
4630 5
4631 5
4632 5
4633 5
4634 5
4635 5
4636 5
4637 5
4638 5
4639 5
4640 5
4641 5
4642 5
4643 5
4644 5
4645 5
4646 5
4647 5
4648 5
4649 5
4650 5
4651 5
4652 5
4653 5
4654 5
4655 5
4656 5
4657 5
4658 5
4659 5
4660 5
4661 5
4662 5
4663 5
4664 5
4665 5
4666 5
4667 5
4668 5
4669 5
4670 5
4671 5
4672 5
4673 5
4674 5
4675 5
4676 5
4677 5
4678 5
4679 5
4680 5
4681 5
4682 5
4683 5
4684 5
4685 5
4686 5
4687 5
4688 5
4689 5
4690 5
4691 5
4692 5
4693 5
4694 5
4695 5
4696 5
4697 5
4698 5
4699 5
4700 5
4701 5
4702 5
4703 5
4704 5
4705 5
4706 5
4707 5
4708 5
4709 5
4710 5
4711 5
4712 5
4713 5
4714 5
4715 5
4716 5
4717 5
4718 5
4719 5
4720 5
4721 5
4722 5
4723 5
4724 5
4725 5
4726 5
4727 5
4728 5
4729 5
4730 5
4731 5
4732 5
4733 5
4734 5
4735 5
4736 5
4737 5
4738 5
4739 5
4740 5
4741 5
4742 5
4743 5
4744 5
4745 5
4746 5
4747 5
4748 5
4749 5
4750 5
4751 5
4752 5
4753 5
4754 5
4755 5
4756 5
4757 5
4758 5
4759 5
4760 5
4761 5
4762 5
4763 5
4764 5
4765 5
4766 5
4767 5
4768 5
4769 5
4770 5
4771 5
4772 5
4773 5
4774 5
4775 5
4776 5
4777 5
4778 5
4779 5
4780 5
4781 5
4782 5
4783 5
4784 5
4785 5
4786 5
4787 5
4788 5
4789 5
4790 5
4791 5
4792 5
4793 5
4794 5
4795 5
4796 5
4797 5
4798 5
4799 5
4800 5
4801 5
4802 5
4803 5
4804 5
4805 5
4806 5
4807 5
4808 5
4809 5
4810 5
4811 5
4812 5
4813 5
4814 5
4815 5
4816 5
4817 5
4818 5
4819 5
4820 5
4821 5
4822 5
4823 5
4824 5
4825 5
4826 5
4827 5
4828 5
4829 5
4830 5
4831 5
4832 5
4833 5
4834 5
4835 5
4836 5
4837 5
4838 5
4839 5
4840 5
4841 5
4842 5
4843 5
4844 5
4845 5
4846 5
4847 5
4848 5
4849 5
4850 5
4851 5
4852 5
4853 5
4854 5
4855 5
4856 5
4857 5
4858 5
4859 5
4860 5
4861 5
4862 5
4863 5
4864 5
4865 5
4866 5
4867 5
4868 5
4869 5
4870 5
4871 5
4872 5
4873 5
4874 5
4875 5
4876 5
4877 5
4878 5
4879 5
4880 5
4881 5
4882 5
4883 5
4884 5
4885 5
4886 5
4887 5
4888 5
4889 5
4890 5
4891 5
4892 5
4893 5
4894 5
4895 5
4896 5
4897 5
4898 5
4899 5
4900 5
4901 5
4902 5
4903 5
4904 5
4905 5
4906 5
4907 5
4908 5
4909 5
4910 5
4911 5
4912 5
4913 5
4914 5
4915 5
4916 5
4917 5
4918 5
4919 5
4920 5
4921 5
4922 5
4923 5
4924 5
4925 5
4926 5
4927 5
4928 5
4929 5
4930 5
4931 5
4932 5
4933 5
4934 5
4935 5
4936 5
4937 5
4938 5
4939 5
4940 5
4941 5
4942 5
4943 5
4944 5
4945 5
4946 5
4947 5
4948 5
4949 5
4950 5
4951 5
4952 5
4953 5
4954 5
4955 5
4956 5
4957 5
4958 5
4959 5
4960 5
4961 5
4962 5
4963 5
4964 5
4965 5
4966 5
4967 5
4968 5
4969 5
4970 5
4971 5
4972 5
4973 5
4974 5
4975 5
4976 5
4977 5
4978 5
4979 5
4980 5
4981 5
4982 5
4983 5
4984 5
4985 5
4986 5
4987 5
4988 5
4989 5
4990 5
4991 5
4992 5
4993 5
4994 5
4995 5
4996 5
4997 5
4998 5
4999 5
5000 5
5001 5
5002 5
5003 5
5004 5
5005 5
5006 5
5007 5
5008 5
5009 5
5010 5
5011 5
5012 5
5013 5
5014 5
5015 5
5016 5
5017 5
5018 5
5019 5
5020 5
5021 5
5022 5
5023 5
5024 5
5025 5
5026 5
5027 5
5028 5
5029 5
5030 5
5031 5
5032 5
5033 5
5034 5
5035 5
5036 5
5037 5
5038 5
5039 5
5040 5
5041 5
5042 5
5043 5
5044 5
5045 5
5046 5
5047 5
5048 5
5049 5
5050 5
5051 5
5052 5
5053 5
5054 5
5055 5
5056 5
5057 5
5058 5
5059 5
5060 5
5061 5
5062 5
5063 5
5064 5
5065 5
5066 5
5067 5
5068 5
5069 5
5070 5
5071 5
5072 5
5073 5
5074 5
5075 5
5076 5
5077 5
5078 5
5079 5
5080 5
5081 5
5082 5
5083 5
5084 5
5085 5
5086 5
5087 5
5088 5
5089 5
5090 5
5091 5
5092 5
5093 5
5094 5
5095 5
5096 5
5097 5
5098 5
5099 5
5100 5
5101 5
5102 5
5103 5
5104 5
5105 5
5106 5
5107 5
5108 5
5109 5
5110 5
5111 5
5112 5
5113 5
5114 5
5115 5
5116 5
5117 5
5118 5
5119 5
5120 5
5121 5
5122 5
5123 5
5124 5
5125 5
5126 5
5127 5
5128 5
5129 5
5130 5
5131 5
5132 5
5133 5
5134 5
5135 5
5136 5
5137 5
5138 5
5139 5
5140 5
5141 5
5142 5
5143 5
5144 5
5145 5
5146 5
5147 5
5148 5
5149 5
5150 5
5151 5
5152 5
5153 5
5154 5
5155 5
5156 5
5157 5
5158 5
5159 5
5160 5
5161 5
5162 5
5163 5
5164 5
5165 5
5166 5
5167 5
5168 5
5169 5
5170 5
5171 5
5172 5
5173 5
5174 5
5175 5
5176 5
5177 5
5178 5
5179 5
5180 5
5181 5
5182 5
5183 5
5184 5
5185 5
5186 5
5187 5
5188 5
5189 5
5190 5
5191 5
5192 5
5193 5
5194 5
5195 5
5196 5
5197 5
5198 5
5199 5
5200 5
5201 5
5202 5
5203 5
5204 5
5205 5
5206 5
5207 5
5208 5
5209 5
5210 5
5211 5
5212 5
5213 5
5214 5
5215 5
5216 5
5217 5
5218 5
5219 5
5220 5
5221 5
5222 5
5223 5
5224 5
5225 5
5226 5
5227 5
5228 5
5229 5
5230 5
5231 5
5232 5
5233 5
5234 5
5235 5
5236 5
5237 5
5238 5
5239 5
5240 5
5241 5
5242 5
5243 5
5244 5
5245 5
5246 5
5247 5
5248 5
5249 5
5250 5
5251 5
5252 5
5253 5
5254 5
5255 5
5256 5
5257 5
5258 5
5259 5
5260 5
5261 5
5262 5
5263 5
5264 5
5265 5
5266 5
5267 5
5268 5
5269 5
5270 5
5271 5
5272 5
5273 5
5274 5
5275 5
5276 5
5277 5
5278 5
5279 5
5280 5
5281 5
5282 5
5283 5
5284 5
5285 5
5286 5
5287 5
5288 5
5289 5
5290 5
5291 5
5292 5
5293 5
5294 5
5295 5
5296 5
5297 5
5298 5
5299 5
5300 5
5301 5
5302 5
5303 5
5304 5
5305 5
5306 5
5307 5
5308 5
5309 5
5310 5
5311 5
5312 5
5313 5
5314 5
5315 5
5316 5
5317 5
5318 5
5319 5
5320 5
5321 5
5322 5
5323 5
5324 5
5325 5
5326 5
5327 5
5328 5
5329 5
5330 5
5331 5
5332 5
5333 5
5334 5
5335 5
5336 5
5337 5
5338 5
5339 5
5340 5
5341 5
5342 5
5343 5
5344 5
5345 5
5346 5
5347 5
5348 5
5349 5
5350 5
5351 5
5352 5
5353 5
5354 5
5355 5
5356 5
5357 5
5358 5
5359 5
5360 5
5361 5
5362 5
5363 5
5364 5
5365 5
5366 5
5367 5
5368 5
5369 5
5370 5
5371 5
5372 5
5373 5
5374 5
5375 5
5376 5
5377 5
5378 5
5379 5
5380 5
5381 5
5382 5
5383 5
5384 5
5385 5
5386 5
5387 5
5388 5
5389 5
5390 5
5391 5
5392 5
5393 5
5394 5
5395 5
5396 5
5397 5
5398 5
5399 5
5400 5
5401 5
5402 5
5403 5
5404 5
5405 5
5406 5
5407 5
5408 5
5409 5
5410 5
5411 5
5412 5
5413 5
5414 5
5415 5
5416 5
5417 5
5418 5
5419 5
5420 5
5421 5
5422 5
5423 5
5424 5
5425 5
5426 5
5427 5
5428 5
5429 5
5430 5
5431 5
5432 5
5433 5
5434 5
5435 5
5436 5
5437 5
5438 5
5439 5
5440 5
5441 5
5442 5
5443 5
5444 5
5445 5
5446 5
5447 5
5448 5
5449 5
5450 5
5451 5
5452 5
5453 5
5454 5
5455 5
5456 5
5457 5
5458 5
5459 5
5460 5
5461 5
5462 5
5463 5
5464 5
5465 5
5466 5
5467 5
5468 5
5469 5
5470 5
5471 5
5472 5
5473 5
5474 5
5475 5
5476 5
5477 5
5478 5
5479 5
5480 5
5481 5
5482 5
5483 5
5484 5
5485 5
5486 5
5487 5
5488 5
5489 5
5490 5
5491 5
5492 5
5493 5
5494 5
5495 5
5496 5
5497 5
5498 5
5499 5
5500 5
5501 5
5502 5
5503 5
5504 5
5505 5
5506 5
5507 5
5508 5
5509 5
5510 5
5511 5
5512 5
5513 5
5514 5
5515 5
5516 5
5517 5
5518 5
5519 5
5520 5
5521 5
5522 5
5523 5
5524 5
5525 5
5526 5
5527 5
5528 5
5529 5
5530 5
5531 5
5532 5
5533 5
5534 5
5535 5
5536 5
5537 5
5538 5
5539 5
5540 5
5541 5
5542 5
5543 5
5544 5
5545 5
5546 5
5547 5
5548 5
5549 5
5550 5
5551 5
5552 5
5553 5
5554 5
5555 5
5556 5
5557 5
5558 5
5559 5
5560 5
5561 5
5562 5
5563 5
5564 5
5565 5
5566 5
5567 5
5568 5
5569 5
5570 5
5571 5
5572 5
5573 5
5574 5
5575 5
5576 5
5577 5
5578 5
5579 5
5580 5
5581 5
5582 5
5583 5
5584 5
5585 5
5586 5
5587 5
5588 5
5589 5
5590 5
5591 5
5592 5
5593 5
5594 5
5595 5
5596 5
5597 5
5598 5
5599 5
5600 5
5601 5
5602 5
5603 5
5604 5
5605 5
5606 5
5607 5
5608 5
5609 5
5610 5
5611 5
5612 5
5613 5
5614 5
5615 5
5616 5
5617 5
5618 5
5619 5
5620 5
5621 5
5622 5
5623 5
5624 5
5625 5
5626 5
5627 5
5628 5
5629 5
5630 5
5631 5
5632 5
5633 5
5634 5
5635 5
5636 5
5637 5
5638 5
5639 5
5640 5
5641 5
5642 5
5643 5
5644 5
5645 5
5646 5
5647 5
5648 5
5649 5
5650 5
5651 5
5652 5
5653 5
5654 5
5655 5
5656 5
5657 5
5658 5
5659 5
5660 5
5661 5
5662 5
5663 5
5664 5
5665 5
5666 5
5667 5
5668 5
5669 5
5670 5
5671 5
5672 5
5673 5
5674 5
5675 5
5676 5
5677 5
5678 5
5679 5
5680 5
5681 5
5682 5
5683 5
5684 5
5685 5
5686 5
5687 5
5688 5
5689 5
5690 5
5691 5
5692 5
5693 5
5694 5
5695 5
5696 5
5697 5
5698 5
5699 5
5700 5
5701 5
5702 5
5703 5
5704 5
5705 5
5706 5
5707 5
5708 5
5709 5
5710 5
5711 5
5712 5
5713 5
5714 5
5715 5
5716 5
5717 5
5718 5
5719 5
5720 5
5721 5
5722 5
5723 5
5724 5
5725 5
5726 5
5727 5
5728 5
5729 5
5730 5
5731 5
5732 5
5733 5
5734 5
5735 5
5736 5
5737 5
5738 5
5739 5
5740 5
5741 5
5742 5
5743 5
5744 5
5745 5
5746 5
5747 5
5748 5
5749 5
5750 5
5751 5
5752 5
5753 5
5754 5
5755 5
5756 5
5757 5
5758 5
5759 5
5760 5
5761 5
5762 5
5763 5
5764 5
5765 5
5766 5
5767 5
5768 5
5769 5
5770 5
5771 5
5772 5
5773 5
5774 5
5775 5
5776 5
5777 5
5778 5
5779 5
5780 5
5781 5
5782 5
5783 5
5784 5
5785 5
5786 5
5787 5
5788 5
5789 5
5790 5
5791 5
5792 5
5793 5
5794 5
5795 5
5796 5
5797 5
5798 5
5799 5
5800 5
5801 5
5802 5
5803 5
5804 5
5805 5
5806 5
5807 5
5808 5
5809 5
5810 5
5811 5
5812 5
5813 5
5814 5
5815 5
5816 5
5817 5
5818 5
5819 5
5820 5
5821 5
5822 5
5823 5
5824 5
5825 5
5826 5
5827 5
5828 5
5829 5
5830 5
5831 5
5832 5
5833 5
5834 5
5835 5
5836 5
5837 5
5838 5
5839 5
5840 5
5841 5
5842 5
5843 5
5844 5
5845 5
5846 5
5847 5
5848 5
5849 5
5850 5
5851 5
5852 5
5853 5
5854 5
5855 5
5856 5
5857 5
5858 5
5859 5
5860 5
5861 5
5862 5
5863 5
5864 5
5865 5
5866 5
5867 5
5868 5
5869 5
5870 5
5871 5
5872 5
5873 5
5874 5
5875 5
5876 5
5877 5
5878 5
5879 5
5880 5
5881 5
5882 5
5883 5
5884 5
5885 5
5886 5
5887 5
5888 5
5889 5
5890 5
5891 5
5892 5
5893 5
5894 5
5895 5
5896 5
5897 5
5898 5
5899 5
5900 5
5901 5
5902 5
5903 5
5904 5
5905 5
5906 5
5907 5
5908 5
5909 5
5910 5
5911 5
5912 5
5913 5
5914 5
5915 5
5916 5
5917 5
5918 5
5919 5
5920 5
5921 5
5922 5
5923 5
5924 5
5925 5
5926 5
5927 5
5928 5
5929 5
5930 5
5931 5
5932 5
5933 5
5934 5
5935 5
5936 5
5937 5
5938 5
5939 5
5940 5
5941 5
5942 5
5943 5
5944 5
5945 5
5946 5
5947 5
5948 5
5949 5
5950 5
5951 5
5952 5
5953 5
5954 5
5955 5
5956 5
5957 5
5958 5
5959 5
5960 5
5961 5
5962 5
5963 5
5964 5
5965 5
5966 5
5967 5
5968 5
5969 5
5970 5
5971 5
5972 5
5973 5
5974 5
5975 5
5976 5
5977 5
5978 5
5979 5
5980 5
5981 5
5982 5
5983 5
5984 5
5985 5
5986 5
5987 5
5988 5
5989 5
5990 5
5991 5
5992 5
5993 5
5994 5
5995 5
5996 5
5997 5
5998 5
5999 5
6000 5
6001 5
6002 5
6003 5
6004 5
6005 5
6006 5
6007 5
6008 5
6009 5
6010 5
6011 5
6012 5
6013 5
6014 5
6015 5
6016 5
6017 5
6018 5
6019 5
6020 5
6021 5
6022 5
6023 5
6024 5
6025 5
6026 5
6027 5
6028 5
6029 5
6030 5
6031 5
6032 5
6033 5
6034 5
6035 5
6036 5
6037 5
6038 5
6039 5
6040 5
6041 5
6042 5
6043 5
6044 5
6045 5
6046 5
6047 5
6048 5
6049 5
6050 5
6051 5
6052 5
6053 5
6054 5
6055 5
6056 5
6057 5
6058 5
6059 5
6060 5
6061 5
6062 5
6063 5
6064 5
6065 5
6066 5
6067 5
6068 5
6069 5
6070 5
6071 5
6072 5
6073 5
6074 5
6075 5
6076 5
6077 5
6078 5
6079 5
6080 5
6081 5
6082 5
6083 5
6084 5
6085 5
6086 5
6087 5
6088 5
6089 5
6090 5
6091 5
6092 5
6093 5
6094 5
6095 5
6096 5
6097 5
6098 5
6099 5
6100 5
6101 5
6102 5
6103 5
6104 5
6105 5
6106 5
6107 5
6108 5
6109 5
6110 5
6111 5
6112 5
6113 5
6114 5
6115 5
6116 5
6117 5
6118 5
6119 5
6120 5
6121 5
6122 5
6123 5
6124 5
6125 5
6126 5
6127 5
6128 5
6129 5
6130 5
6131 5
6132 5
6133 5
6134 5
6135 5
6136 5
6137 5
6138 5
6139 5
6140 5
6141 5
6142 5
6143 5
6144 5
6145 5
6146 5
6147 5
6148 5
6149 5
6150 5
6151 5
6152 5
6153 5
6154 5
6155 5
6156 5
6157 5
6158 5
6159 5
6160 5
6161 5
6162 5
6163 5
6164 5
6165 5
6166 5
6167 5
6168 5
6169 5
6170 5
6171 5
6172 5
6173 5
6174 5
6175 5
6176 5
6177 5
6178 5
6179 5
6180 5
6181 5
6182 5
6183 5
6184 5
6185 5
6186 5
6187 5
6188 5
6189 5
6190 5
6191 5
6192 5
6193 5
6194 5
6195 5
6196 5
6197 5
6198 5
6199 5
6200 5
6201 5
6202 5
6203 5
6204 5
6205 5
6206 5
6207 5
6208 5
6209 5
6210 5
6211 5
6212 5
6213 5
6214 5
6215 5
6216 5
6217 5
6218 5
6219 5
6220 5
6221 5
6222 5
6223 5
6224 5
6225 5
6226 5
6227 5
6228 5
6229 5
6230 5
6231 5
6232 5
6233 5
6234 5
6235 5
6236 5
6237 5
6238 5
6239 5
6240 5
6241 5
6242 5
6243 5
6244 5
6245 5
6246 5
6247 5
6248 5
6249 5
6250 5
6251 5
6252 5
6253 5
6254 5
6255 5
6256 5
6257 5
6258 5
6259 5
6260 5
6261 5
6262 5
6263 5
6264 5
6265 5
6266 5
6267 5
6268 5
6269 5
6270 5
6271 5
6272 5
6273 5
6274 5
6275 5
6276 5
6277 5
6278 5
6279 5
6280 5
6281 5
6282 5
6283 5
6284 5
6285 5
6286 5
6287 5
6288 5
6289 5
6290 5
6291 5
6292 5
6293 5
6294 5
6295 5
6296 5
6297 5
6298 5
6299 5
6300 5
6301 5
6302 5
6303 5
6304 5
6305 5
6306 5
6307 5
6308 5
6309 5
6310 5
6311 5
6312 5
6313 5
6314 5
6315 5
6316 5
6317 5
6318 5
6319 5
6320 5
6321 5
6322 5
6323 5
6324 5
6325 5
6326 5
6327 5
6328 5
6329 5
6330 5
6331 5
6332 5
6333 5
6334 5
6335 5
6336 5
6337 5
6338 5
6339 5
6340 5
6341 5
6342 5
6343 5
6344 5
6345 5
6346 5
6347 5
6348 5
6349 5
6350 5
6351 5
6352 5
6353 5
6354 5
6355 5
6356 5
6357 5
6358 5
6359 5
6360 5
6361 5
6362 5
6363 5
6364 5
6365 5
6366 5
6367 5
6368 5
6369 5
6370 5
6371 5
6372 5
6373 5
6374 5
6375 5
6376 5
6377 5
6378 5
6379 5
6380 5
6381 5
6382 5
6383 5
6384 5
6385 5
6386 5
6387 5
6388 5
6389 5
6390 5
6391 5
6392 5
6393 5
6394 5
6395 5
6396 5
6397 5
6398 5
6399 5
6400 5
6401 5
6402 5
6403 5
6404 5
6405 5
6406 5
6407 5
6408 5
6409 5
6410 5
6411 5
6412 5
6413 5
6414 5
6415 5
6416 5
6417 5
6418 5
6419 5
6420 5
6421 5
6422 5
6423 5
6424 5
6425 5
6426 5
6427 5
6428 5
6429 5
6430 5
6431 5
6432 5
6433 5
6434 5
6435 5
6436 5
6437 5
6438 5
6439 5
6440 5
6441 5
6442 5
6443 5
6444 5
6445 5
6446 5
6447 5
6448 5
6449 5
6450 5
6451 5
6452 5
6453 5
6454 5
6455 5
6456 5
6457 5
6458 5
6459 5
6460 5
6461 5
6462 5
6463 5
6464 5
6465 5
6466 5
6467 5
6468 5
6469 5
6470 5
6471 5
6472 5
6473 5
6474 5
6475 5
6476 5
6477 5
6478 5
6479 5
6480 5
6481 5
6482 5
6483 5
6484 5
6485 5
6486 5
6487 5
6488 5
6489 5
6490 5
6491 5
6492 5
6493 5
6494 5
6495 5
6496 5
6497 5
6498 5
6499 5
6500 5
6501 5
6502 5
6503 5
6504 5
6505 5
6506 5
6507 5
6508 5
6509 5
6510 5
6511 5
6512 5
6513 5
6514 5
6515 5
6516 5
6517 5
6518 5
6519 5
6520 5
6521 5
6522 5
6523 5
6524 5
6525 5
6526 5
6527 5
6528 5
6529 5
6530 5
6531 5
6532 5
6533 5
6534 5
6535 5
6536 5
6537 5
6538 5
6539 5
6540 5
6541 5
6542 5
6543 5
6544 5
6545 5
6546 5
6547 5
6548 5
6549 5
6550 5
6551 5
6552 5
6553 5
6554 5
6555 5
6556 5
6557 5
6558 5
6559 5
6560 5
6561 5
6562 5
6563 5
6564 5
6565 5
6566 5
6567 5
6568 5
6569 5
6570 5
6571 5
6572 5
6573 5
6574 5
6575 5
6576 5
6577 5
6578 5
6579 5
6580 5
6581 5
6582 5
6583 5
6584 5
6585 5
6586 5
6587 5
6588 5
6589 5
6590 5
6591 5
6592 5
6593 5
6594 5
6595 5
6596 5
6597 5
6598 5
6599 5
6600 5
6601 5
6602 5
6603 5
6604 5
6605 5
6606 5
6607 5
6608 5
6609 5
6610 5
6611 5
6612 5
6613 5
6614 5
6615 5
6616 5
6617 5
6618 5
6619 5
6620 5
6621 5
6622 5
6623 5
6624 5
6625 5
6626 5
6627 5
6628 5
6629 5
6630 5
6631 5
6632 5
6633 5
6634 5
6635 5
6636 5
6637 5
6638 5
6639 5
6640 5
6641 5
6642 5
6643 5
6644 5
6645 5
6646 5
6647 5
6648 5
6649 5
6650 5
6651 5
6652 5
6653 5
6654 5
6655 5
6656 5
6657 5
6658 5
6659 5
6660 5
6661 5
6662 5
6663 5
6664 5
6665 5
6666 5
6667 5
6668 5
6669 5
6670 5
6671 5
6672 5
6673 5
6674 5
6675 5
6676 5
6677 5
6678 5
6679 5
6680 5
6681 5
6682 5
6683 5
6684 5
6685 5
6686 5
6687 5
6688 5
6689 5
6690 5
6691 5
6692 5
6693 5
6694 5
6695 5
6696 5
6697 5
6698 5
6699 5
6700 5
6701 5
6702 5
6703 5
6704 5
6705 5
6706 5
6707 5
6708 5
6709 5
6710 5
6711 5
6712 5
6713 5
6714 5
6715 5
6716 5
6717 5
6718 5
6719 5
6720 5
6721 5
6722 5
6723 5
6724 5
6725 5
6726 5
6727 5
6728 5
6729 5
6730 5
6731 5
6732 5
6733 5
6734 5
6735 5
6736 5
6737 5
6738 5
6739 5
6740 5
6741 5
6742 5
6743 5
6744 5
6745 5
6746 5
6747 5
6748 5
6749 5
6750 5
6751 5
6752 5
6753 5
6754 5
6755 5
6756 5
6757 5
6758 5
6759 5
6760 5
6761 5
6762 5
6763 5
6764 6
6765 6
6766 6
6767 6
6768 6
6769 6
6770 6
6771 6
6772 6
6773 6
6774 6
6775 6
6776 6
6777 6
6778 6
6779 6
6780 6
6781 6
6782 6
6783 6
6784 6
6785 6
6786 6
6787 6
6788 6
6789 6
6790 6
6791 6
6792 6
6793 6
6794 6
6795 6
6796 6
6797 6
6798 6
6799 6
6800 6
6801 6
6802 6
6803 6
6804 6
6805 6
6806 6
6807 6
6808 6
6809 6
6810 6
6811 6
6812 6
6813 6
6814 6
6815 6
6816 6
6817 6
6818 6
6819 6
6820 6
6821 6
6822 6
6823 6
6824 6
6825 6
6826 6
6827 6
6828 6
6829 6
6830 6
6831 6
6832 6
6833 6
6834 6
6835 6
6836 6
6837 6
6838 6
6839 6
6840 6
6841 6
6842 6
6843 6
6844 6
6845 6
6846 6
6847 6
6848 6
6849 6
6850 6
6851 6
6852 6
6853 6
6854 6
6855 6
6856 6
6857 6
6858 6
6859 6
6860 6
6861 6
6862 6
6863 6
6864 6
6865 6
6866 6
6867 6
6868 6
6869 6
6870 6
6871 6
6872 6
6873 6
6874 6
6875 6
6876 6
6877 6
6878 6
6879 6
6880 6
6881 6
6882 6
6883 6
6884 6
6885 6
6886 6
6887 6
6888 6
6889 6
6890 6
6891 6
6892 6
6893 6
6894 6
6895 6
6896 6
6897 6
6898 6
6899 6
6900 6
6901 6
6902 6
6903 6
6904 6
6905 6
6906 6
6907 6
6908 6
6909 6
6910 6
6911 6
6912 6
6913 6
6914 6
6915 6
6916 6
6917 6
6918 6
6919 6
6920 6
6921 6
6922 6
6923 6
6924 6
6925 6
6926 6
6927 6
6928 6
6929 6
6930 6
6931 6
6932 6
6933 6
6934 6
6935 6
6936 6
6937 6
6938 6
6939 6
6940 6
6941 6
6942 6
6943 6
6944 6
6945 6
6946 6
6947 6
6948 6
6949 6
6950 6
6951 6
6952 6
6953 6
6954 6
6955 6
6956 6
6957 6
6958 6
6959 6
6960 6
6961 6
6962 6
6963 6
6964 6
6965 6
6966 6
6967 6
6968 6
6969 6
6970 6
6971 6
6972 6
6973 6
6974 6
6975 6
6976 6
6977 6
6978 6
6979 6
6980 6
6981 6
6982 6
6983 6
6984 6
6985 6
6986 6
6987 6
6988 6
6989 6
6990 6
6991 6
6992 6
6993 6
6994 6
6995 6
6996 6
6997 6
6998 6
6999 6
7000 6
7001 6
7002 6
7003 6
7004 6
7005 6
7006 6
7007 6
7008 6
7009 6
7010 6
7011 6
7012 6
7013 6
7014 6
7015 6
7016 6
7017 6
7018 6
7019 6
7020 6
7021 6
7022 6
7023 6
7024 6
7025 6
7026 6
7027 6
7028 6
7029 6
7030 6
7031 6
7032 6
7033 6
7034 6
7035 6
7036 6
7037 6
7038 6
7039 6
7040 6
7041 6
7042 6
7043 6
7044 6
7045 6
7046 6
7047 6
7048 6
7049 6
7050 6
7051 6
7052 6
7053 6
7054 6
7055 6
7056 6
7057 6
7058 6
7059 6
7060 6
7061 6
7062 6
7063 6
7064 6
7065 6
7066 6
7067 6
7068 6
7069 6
7070 6
7071 6
7072 6
7073 6
7074 6
7075 6
7076 6
7077 6
7078 6
7079 6
7080 6
7081 6
7082 6
7083 6
7084 6
7085 6
7086 6
7087 6
7088 6
7089 6
7090 6
7091 6
7092 6
7093 6
7094 6
7095 6
7096 6
7097 6
7098 6
7099 6
7100 6
7101 6
7102 6
7103 6
7104 6
7105 6
7106 6
7107 6
7108 6
7109 6
7110 6
7111 6
7112 6
7113 6
7114 6
7115 6
7116 6
7117 6
7118 6
7119 6
7120 6
7121 6
7122 6
7123 6
7124 6
7125 6
7126 6
7127 6
7128 6
7129 6
7130 6
7131 6
7132 6
7133 6
7134 6
7135 6
7136 6
7137 6
7138 6
7139 6
7140 6
7141 6
7142 6
7143 6
7144 6
7145 6
7146 6
7147 6
7148 6
7149 6
7150 6
7151 6
7152 6
7153 6
7154 6
7155 6
7156 6
7157 6
7158 6
7159 6
7160 6
7161 6
7162 6
7163 6
7164 6
7165 6
7166 6
7167 6
7168 6
7169 6
7170 6
7171 6
7172 6
7173 6
7174 6
7175 6
7176 6
7177 6
7178 6
7179 6
7180 6
7181 6
7182 6
7183 6
7184 6
7185 6
7186 6
7187 6
7188 6
7189 6
7190 6
7191 6
7192 6
7193 6
7194 6
7195 6
7196 6
7197 6
7198 6
7199 6
7200 6
7201 6
7202 6
7203 6
7204 6
7205 6
7206 6
7207 6
7208 6
7209 6
7210 6
7211 6
7212 6
7213 6
7214 6
7215 6
7216 6
7217 6
7218 6
7219 6
7220 6
7221 6
7222 6
7223 6
7224 6
7225 6
7226 6
7227 6
7228 6
7229 6
7230 6
7231 6
7232 6
7233 6
7234 6
7235 6
7236 6
7237 6
7238 6
7239 6
7240 6
7241 6
7242 6
7243 6
7244 6
7245 6
7246 6
7247 6
7248 6
7249 6
7250 6
7251 6
7252 6
7253 6
7254 6
7255 6
7256 6
7257 6
7258 6
7259 6
7260 6
7261 6
7262 6
7263 6
7264 6
7265 6
7266 6
7267 6
7268 6
7269 6
7270 6
7271 6
7272 6
7273 6
7274 6
7275 6
7276 6
7277 6
7278 6
7279 6
7280 6
7281 6
7282 6
7283 6
7284 6
7285 6
7286 6
7287 6
7288 6
7289 6
7290 6
7291 6
7292 6
7293 6
7294 6
7295 6
7296 6
7297 6
7298 6
7299 6
7300 6
7301 6
7302 6
7303 6
7304 6
7305 6
7306 6
7307 6
7308 6
7309 6
7310 6
7311 6
7312 6
7313 6
7314 6
7315 6
7316 6
7317 6
7318 6
7319 6
7320 6
7321 6
7322 6
7323 6
7324 6
7325 6
7326 6
7327 6
7328 6
7329 6
7330 6
7331 6
7332 6
7333 6
7334 6
7335 6
7336 6
7337 6
7338 6
7339 6
7340 6
7341 6
7342 6
7343 6
7344 6
7345 6
7346 6
7347 6
7348 6
7349 6
7350 6
7351 6
7352 6
7353 6
7354 6
7355 6
7356 6
7357 6
7358 6
7359 6
7360 6
7361 6
7362 6
7363 6
7364 6
7365 6
7366 6
7367 6
7368 6
7369 6
7370 6
7371 6
7372 6
7373 6
7374 6
7375 6
7376 6
7377 6
7378 6
7379 6
7380 6
7381 6
7382 6
7383 6
7384 6
7385 6
7386 6
7387 6
7388 6
7389 6
7390 6
7391 6
7392 6
7393 6
7394 6
7395 6
7396 6
7397 6
7398 6
7399 6
7400 6
7401 6
7402 6
7403 6
7404 6
7405 6
7406 6
7407 6
7408 6
7409 6
7410 6
7411 6
7412 6
7413 6
7414 6
7415 6
7416 6
7417 6
7418 6
7419 6
7420 6
7421 6
7422 6
7423 6
7424 6
7425 6
7426 6
7427 6
7428 6
7429 6
7430 6
7431 6
7432 6
7433 6
7434 6
7435 6
7436 6
7437 6
7438 6
7439 6
7440 6
7441 6
7442 6
7443 6
7444 6
7445 6
7446 6
7447 6
7448 6
7449 6
7450 6
7451 6
7452 6
7453 6
7454 6
7455 6
7456 6
7457 6
7458 6
7459 6
7460 6
7461 6
7462 6
7463 6
7464 6
7465 6
7466 6
7467 6
7468 6
7469 6
7470 6
7471 6
7472 6
7473 6
7474 6
7475 6
7476 6
7477 6
7478 6
7479 6
7480 6
7481 6
7482 6
7483 6
7484 6
7485 6
7486 6
7487 6
7488 6
7489 6
7490 6
7491 6
7492 6
7493 6
7494 6
7495 6
7496 6
7497 6
7498 6
7499 6
7500 6
7501 6
7502 6
7503 6
7504 6
7505 6
7506 6
7507 6
7508 6
7509 6
7510 6
7511 6
7512 6
7513 6
7514 6
7515 6
7516 6
7517 6
7518 6
7519 6
7520 6
7521 6
7522 6
7523 6
7524 6
7525 6
7526 6
7527 6
7528 6
7529 6
7530 6
7531 6
7532 6
7533 6
7534 6
7535 6
7536 6
7537 6
7538 6
7539 6
7540 6
7541 6
7542 6
7543 6
7544 6
7545 6
7546 6
7547 6
7548 6
7549 6
7550 6
7551 6
7552 6
7553 6
7554 6
7555 6
7556 6
7557 6
7558 6
7559 6
7560 6
7561 6
7562 6
7563 6
7564 6
7565 6
7566 6
7567 6
7568 6
7569 6
7570 6
7571 6
7572 6
7573 6
7574 6
7575 6
7576 6
7577 6
7578 6
7579 6
7580 6
7581 6
7582 6
7583 6
7584 6
7585 6
7586 6
7587 6
7588 6
7589 6
7590 6
7591 6
7592 6
7593 6
7594 6
7595 6
7596 6
7597 6
7598 6
7599 6
7600 6
7601 6
7602 6
7603 6
7604 6
7605 6
7606 6
7607 6
7608 6
7609 6
7610 6
7611 6
7612 6
7613 6
7614 6
7615 6
7616 6
7617 6
7618 6
7619 6
7620 6
7621 6
7622 6
7623 6
7624 6
7625 6
7626 6
7627 6
7628 6
7629 6
7630 6
7631 6
7632 6
7633 6
7634 6
7635 6
7636 6
7637 6
7638 6
7639 6
7640 6
7641 6
7642 6
7643 6
7644 6
7645 6
7646 6
7647 6
7648 6
7649 6
7650 6
7651 6
7652 6
7653 6
7654 6
7655 6
7656 6
7657 6
7658 6
7659 6
7660 6
7661 6
7662 6
7663 6
7664 6
7665 6
7666 6
7667 6
7668 6
7669 6
7670 6
7671 6
7672 6
7673 6
7674 6
7675 6
7676 6
7677 6
7678 6
7679 6
7680 6
7681 6
7682 6
7683 6
7684 6
7685 6
7686 6
7687 6
7688 6
7689 6
7690 6
7691 6
7692 6
7693 6
7694 6
7695 6
7696 6
7697 6
7698 6
7699 6
7700 6
7701 6
7702 6
7703 6
7704 6
7705 6
7706 6
7707 6
7708 6
7709 6
7710 6
7711 6
7712 6
7713 6
7714 6
7715 6
7716 6
7717 6
7718 6
7719 6
7720 6
7721 6
7722 6
7723 6
7724 6
7725 6
7726 6
7727 6
7728 6
7729 6
7730 6
7731 6
7732 6
7733 6
7734 6
7735 6
7736 6
7737 6
7738 6
7739 6
7740 6
7741 6
7742 6
7743 6
7744 6
7745 6
7746 6
7747 6
7748 6
7749 6
7750 6
7751 6
7752 6
7753 6
7754 6
7755 6
7756 6
7757 6
7758 6
7759 6
7760 6
7761 6
7762 6
7763 6
7764 6
7765 6
7766 6
7767 6
7768 6
7769 6
7770 6
7771 6
7772 6
7773 6
7774 6
7775 6
7776 6
7777 6
7778 6
7779 6
7780 6
7781 6
7782 6
7783 6
7784 6
7785 6
7786 6
7787 6
7788 6
7789 6
7790 6
7791 6
7792 6
7793 6
7794 6
7795 6
7796 6
7797 6
7798 6
7799 6
7800 6
7801 6
7802 6
7803 6
7804 6
7805 6
7806 6
7807 6
7808 6
7809 6
7810 6
7811 6
7812 6
7813 6
7814 6
7815 6
7816 6
7817 6
7818 6
7819 6
7820 6
7821 6
7822 6
7823 6
7824 6
7825 6
7826 6
7827 6
7828 6
7829 6
7830 6
7831 6
7832 6
7833 6
7834 6
7835 6
7836 6
7837 6
7838 6
7839 6
7840 6
7841 6
7842 6
7843 6
7844 6
7845 6
7846 6
7847 6
7848 6
7849 6
7850 6
7851 6
7852 6
7853 6
7854 6
7855 6
7856 6
7857 6
7858 6
7859 6
7860 6
7861 6
7862 6
7863 6
7864 6
7865 6
7866 6
7867 6
7868 6
7869 6
7870 6
7871 6
7872 6
7873 6
7874 6
7875 6
7876 6
7877 6
7878 6
7879 6
7880 6
7881 6
7882 6
7883 6
7884 6
7885 6
7886 6
7887 6
7888 6
7889 6
7890 6
7891 6
7892 6
7893 6
7894 6
7895 6
7896 6
7897 6
7898 6
7899 6
7900 6
7901 6
7902 6
7903 6
7904 6
7905 6
7906 6
7907 6
7908 6
7909 6
7910 6
7911 6
7912 6
7913 6
7914 6
7915 6
7916 6
7917 6
7918 6
7919 6
7920 6
7921 6
7922 6
7923 6
7924 6
7925 6
7926 6
7927 6
7928 6
7929 6
7930 6
7931 6
7932 6
7933 6
7934 6
7935 6
7936 6
7937 6
7938 6
7939 6
7940 6
7941 6
7942 6
7943 6
7944 6
7945 6
7946 6
7947 6
7948 6
7949 6
7950 6
7951 6
7952 6
7953 6
7954 6
7955 6
7956 6
7957 6
7958 6
7959 6
7960 6
7961 6
7962 6
7963 6
7964 6
7965 6
7966 6
7967 6
7968 6
7969 6
7970 6
7971 6
7972 6
7973 6
7974 6
7975 6
7976 6
7977 6
7978 6
7979 6
7980 6
7981 6
7982 6
7983 6
7984 6
7985 6
7986 6
7987 6
7988 6
7989 6
7990 6
7991 6
7992 6
7993 6
7994 6
7995 6
7996 6
7997 6
7998 6
7999 6
8000 6
8001 6
8002 6
8003 6
8004 6
8005 6
8006 6
8007 6
8008 6
8009 6
8010 6
8011 6
8012 6
8013 6
8014 6
8015 6
8016 6
8017 6
8018 6
8019 6
8020 6
8021 6
8022 6
8023 6
8024 6
8025 6
8026 6
8027 6
8028 6
8029 6
8030 6
8031 6
8032 6
8033 6
8034 6
8035 6
8036 6
8037 6
8038 6
8039 6
8040 6
8041 6
8042 6
8043 6
8044 6
8045 6
8046 6
8047 6
8048 6
8049 6
8050 6
8051 6
8052 6
8053 6
8054 6
8055 6
8056 6
8057 6
8058 6
8059 6
8060 6
8061 6
8062 6
8063 6
8064 6
8065 6
8066 6
8067 6
8068 6
8069 6
8070 6
8071 6
8072 6
8073 6
8074 6
8075 6
8076 6
8077 6
8078 6
8079 6
8080 6
8081 6
8082 6
8083 6
8084 6
8085 6
8086 6
8087 6
8088 6
8089 6
8090 6
8091 6
8092 6
8093 6
8094 6
8095 6
8096 6
8097 6
8098 6
8099 6
8100 6
8101 6
8102 6
8103 6
8104 6
8105 6
8106 6
8107 6
8108 6
8109 6
8110 6
8111 6
8112 6
8113 6
8114 6
8115 6
8116 6
8117 6
8118 6
8119 6
8120 6
8121 6
8122 6
8123 6
8124 6
8125 6
8126 6
8127 6
8128 6
8129 6
8130 6
8131 6
8132 6
8133 6
8134 6
8135 6
8136 6
8137 6
8138 6
8139 6
8140 6
8141 6
8142 6
8143 6
8144 6
8145 6
8146 6
8147 6
8148 6
8149 6
8150 6
8151 6
8152 6
8153 6
8154 6
8155 6
8156 6
8157 6
8158 6
8159 6
8160 6
8161 6
8162 6
8163 6
8164 6
8165 6
8166 6
8167 6
8168 6
8169 6
8170 6
8171 6
8172 6
8173 6
8174 6
8175 6
8176 6
8177 6
8178 6
8179 6
8180 6
8181 6
8182 6
8183 6
8184 6
8185 6
8186 6
8187 6
8188 6
8189 6
8190 6
8191 5
8192 5
8193 5
8194 5
8195 5
8196 5
8197 5
8198 5
8199 5
8200 5
8201 5
8202 5
8203 5
8204 5
8205 5
8206 5
8207 5
8208 5
8209 5
8210 5
8211 5
8212 5
8213 5
8214 5
8215 5
8216 5
8217 5
8218 5
8219 5
8220 5
8221 5
8222 5
8223 5
8224 5
8225 5
8226 5
8227 5
8228 5
8229 5
8230 5
8231 5
8232 5
8233 5
8234 5
8235 5
8236 5
8237 5
8238 5
8239 5
8240 5
8241 5
8242 5
8243 5
8244 5
8245 5
8246 5
8247 5
8248 5
8249 5
8250 5
8251 5
8252 5
8253 5
8254 5
8255 5
8256 5
8257 5
8258 5
8259 5
8260 5
8261 5
8262 5
8263 5
8264 5
8265 5
8266 5
8267 5
8268 5
8269 5
8270 5
8271 5
8272 5
8273 5
8274 5
8275 5
8276 5
8277 5
8278 5
8279 5
8280 5
8281 5
8282 5
8283 5
8284 5
8285 5
8286 5
8287 5
8288 5
8289 5
8290 5
8291 5
8292 5
8293 5
8294 5
8295 5
8296 5
8297 5
8298 5
8299 5
8300 5
8301 5
8302 5
8303 5
8304 5
8305 5
8306 5
8307 5
8308 5
8309 5
8310 5
8311 5
8312 5
8313 5
8314 5
8315 5
8316 5
8317 5
8318 5
8319 5
8320 5
8321 5
8322 5
8323 5
8324 5
8325 5
8326 5
8327 5
8328 5
8329 5
8330 5
8331 5
8332 5
8333 5
8334 5
8335 5
8336 5
8337 5
8338 5
8339 5
8340 5
8341 5
8342 5
8343 5
8344 5
8345 5
8346 5
8347 5
8348 5
8349 5
8350 5
8351 5
8352 5
8353 5
8354 5
8355 5
8356 5
8357 5
8358 5
8359 5
8360 5
8361 5
8362 5
8363 5
8364 5
8365 5
8366 5
8367 5
8368 5
8369 5
8370 5
8371 5
8372 5
8373 5
8374 5
8375 5
8376 5
8377 5
8378 5
8379 5
8380 5
8381 5
8382 5
8383 5
8384 5
8385 5
8386 5
8387 5
8388 5
8389 5
8390 5
8391 5
8392 5
8393 5
8394 5
8395 5
8396 5
8397 5
8398 5
8399 5
8400 5
8401 5
8402 5
8403 5
8404 5
8405 5
8406 5
8407 5
8408 5
8409 5
8410 5
8411 5
8412 5
8413 5
8414 5
8415 5
8416 5
8417 5
8418 5
8419 5
8420 5
8421 5
8422 5
8423 5
8424 5
8425 5
8426 5
8427 5
8428 5
8429 5
8430 5
8431 5
8432 5
8433 5
8434 5
8435 5
8436 5
8437 5
8438 5
8439 5
8440 5
8441 5
8442 5
8443 5
8444 5
8445 5
8446 5
8447 5
8448 5
8449 5
8450 5
8451 5
8452 5
8453 5
8454 5
8455 5
8456 5
8457 5
8458 5
8459 5
8460 5
8461 5
8462 5
8463 5
8464 5
8465 5
8466 5
8467 5
8468 5
8469 5
8470 5
8471 5
8472 5
8473 5
8474 5
8475 5
8476 5
8477 5
8478 5
8479 5
8480 5
8481 5
8482 5
8483 5
8484 5
8485 5
8486 5
8487 5
8488 5
8489 5
8490 5
8491 5
8492 5
8493 5
8494 5
8495 5
8496 5
8497 5
8498 5
8499 5
8500 5
8501 5
8502 5
8503 5
8504 5
8505 5
8506 5
8507 5
8508 5
8509 5
8510 5
8511 5
8512 5
8513 5
8514 5
8515 5
8516 5
8517 5
8518 5
8519 5
8520 5
8521 5
8522 5
8523 5
8524 5
8525 5
8526 5
8527 5
8528 5
8529 5
8530 5
8531 5
8532 5
8533 5
8534 5
8535 5
8536 5
8537 5
8538 5
8539 5
8540 5
8541 5
8542 5
8543 5
8544 5
8545 5
8546 5
8547 5
8548 5
8549 5
8550 5
8551 5
8552 5
8553 5
8554 5
8555 5
8556 5
8557 5
8558 5
8559 5
8560 5
8561 5
8562 5
8563 5
8564 5
8565 5
8566 5
8567 5
8568 5
8569 5
8570 5
8571 5
8572 5
8573 5
8574 5
8575 5
8576 5
8577 5
8578 5
8579 5
8580 5
8581 5
8582 5
8583 5
8584 5
8585 5
8586 5
8587 5
8588 5
8589 5
8590 5
8591 5
8592 5
8593 5
8594 5
8595 5
8596 5
8597 5
8598 5
8599 5
8600 5
8601 5
8602 5
8603 5
8604 5
8605 5
8606 5
8607 5
8608 5
8609 5
8610 5
8611 5
8612 5
8613 5
8614 5
8615 5
8616 5
8617 5
8618 5
8619 5
8620 5
8621 5
8622 5
8623 5
8624 5
8625 5
8626 5
8627 5
8628 5
8629 5
8630 5
8631 5
8632 5
8633 5
8634 5
8635 5
8636 5
8637 5
8638 5
8639 5
8640 5
8641 5
8642 5
8643 5
8644 5
8645 5
8646 5
8647 5
8648 5
8649 5
8650 5
8651 5
8652 5
8653 5
8654 5
8655 5
8656 5
8657 5
8658 5
8659 5
8660 5
8661 5
8662 5
8663 5
8664 5
8665 5
8666 5
8667 5
8668 5
8669 5
8670 5
8671 5
8672 5
8673 5
8674 5
8675 5
8676 5
8677 5
8678 5
8679 5
8680 5
8681 5
8682 5
8683 5
8684 5
8685 5
8686 5
8687 5
8688 5
8689 5
8690 5
8691 5
8692 5
8693 5
8694 5
8695 5
8696 5
8697 5
8698 5
8699 5
8700 5
8701 5
8702 5
8703 5
8704 5
8705 5
8706 5
8707 5
8708 5
8709 5
8710 5
8711 5
8712 5
8713 5
8714 5
8715 5
8716 5
8717 5
8718 5
8719 5
8720 5
8721 5
8722 5
8723 5
8724 5
8725 5
8726 5
8727 5
8728 5
8729 5
8730 5
8731 5
8732 5
8733 5
8734 5
8735 5
8736 5
8737 5
8738 5
8739 5
8740 5
8741 5
8742 5
8743 5
8744 5
8745 5
8746 5
8747 5
8748 5
8749 5
8750 5
8751 5
8752 5
8753 5
8754 5
8755 5
8756 5
8757 5
8758 5
8759 5
8760 5
8761 5
8762 5
8763 5
8764 5
8765 5
8766 5
8767 5
8768 5
8769 5
8770 5
8771 5
8772 5
8773 5
8774 5
8775 5
8776 5
8777 5
8778 5
8779 5
8780 5
8781 5
8782 5
8783 5
8784 5
8785 5
8786 5
8787 5
8788 5
8789 5
8790 5
8791 5
8792 5
8793 5
8794 5
8795 5
8796 5
8797 5
8798 5
8799 5
8800 5
8801 5
8802 5
8803 5
8804 5
8805 5
8806 5
8807 5
8808 5
8809 5
8810 5
8811 5
8812 5
8813 5
8814 5
8815 5
8816 5
8817 5
8818 5
8819 5
8820 5
8821 5
8822 5
8823 5
8824 5
8825 5
8826 5
8827 5
8828 5
8829 5
8830 5
8831 5
8832 5
8833 5
8834 5
8835 5
8836 5
8837 5
8838 5
8839 5
8840 5
8841 5
8842 5
8843 5
8844 5
8845 5
8846 5
8847 5
8848 5
8849 5
8850 5
8851 5
8852 5
8853 5
8854 5
8855 5
8856 5
8857 5
8858 5
8859 5
8860 5
8861 5
8862 5
8863 5
8864 5
8865 5
8866 5
8867 5
8868 5
8869 5
8870 5
8871 5
8872 5
8873 5
8874 5
8875 5
8876 5
8877 5
8878 5
8879 5
8880 5
8881 5
8882 5
8883 5
8884 5
8885 5
8886 5
8887 5
8888 5
8889 5
8890 5
8891 5
8892 5
8893 5
8894 5
8895 5
8896 5
8897 5
8898 5
8899 5
8900 5
8901 5
8902 5
8903 5
8904 5
8905 5
8906 5
8907 5
8908 5
8909 5
8910 5
8911 5
8912 5
8913 5
8914 5
8915 5
8916 5
8917 5
8918 5
8919 5
8920 5
8921 5
8922 5
8923 5
8924 5
8925 5
8926 5
8927 5
8928 5
8929 5
8930 5
8931 5
8932 5
8933 5
8934 5
8935 5
8936 5
8937 5
8938 5
8939 5
8940 5
8941 5
8942 5
8943 5
8944 5
8945 5
8946 5
8947 5
8948 5
8949 5
8950 5
8951 5
8952 5
8953 5
8954 5
8955 5
8956 5
8957 5
8958 5
8959 5
8960 5
8961 5
8962 5
8963 5
8964 5
8965 5
8966 5
8967 5
8968 5
8969 5
8970 5
8971 5
8972 5
8973 5
8974 5
8975 5
8976 5
8977 5
8978 5
8979 5
8980 5
8981 5
8982 5
8983 5
8984 5
8985 5
8986 5
8987 5
8988 5
8989 5
8990 5
8991 5
8992 5
8993 5
8994 5
8995 5
8996 5
8997 5
8998 5
8999 5
9000 5
9001 5
9002 5
9003 5
9004 5
9005 5
9006 5
9007 5
9008 5
9009 5
9010 5
9011 5
9012 5
9013 5
9014 5
9015 5
9016 5
9017 5
9018 5
9019 5
9020 5
9021 5
9022 5
9023 5
9024 5
9025 5
9026 5
9027 5
9028 5
9029 5
9030 5
9031 5
9032 5
9033 5
9034 5
9035 5
9036 5
9037 5
9038 5
9039 5
9040 5
9041 5
9042 5
9043 5
9044 5
9045 5
9046 5
9047 5
9048 5
9049 5
9050 5
9051 5
9052 5
9053 5
9054 5
9055 5
9056 5
9057 5
9058 5
9059 5
9060 5
9061 5
9062 5
9063 5
9064 5
9065 5
9066 5
9067 5
9068 5
9069 5
9070 5
9071 5
9072 5
9073 5
9074 5
9075 5
9076 5
9077 5
9078 5
9079 5
9080 5
9081 5
9082 5
9083 5
9084 5
9085 5
9086 5
9087 5
9088 5
9089 5
9090 5
9091 5
9092 5
9093 5
9094 5
9095 5
9096 5
9097 5
9098 5
9099 5
9100 5
9101 5
9102 5
9103 5
9104 5
9105 5
9106 5
9107 5
9108 5
9109 5
9110 5
9111 5
9112 5
9113 5
9114 5
9115 5
9116 5
9117 5
9118 5
9119 5
9120 5
9121 5
9122 5
9123 5
9124 5
9125 5
9126 5
9127 5
9128 5
9129 5
9130 5
9131 5
9132 5
9133 5
9134 5
9135 5
9136 5
9137 5
9138 5
9139 5
9140 5
9141 5
9142 5
9143 5
9144 5
9145 5
9146 5
9147 5
9148 5
9149 5
9150 5
9151 5
9152 5
9153 5
9154 5
9155 5
9156 5
9157 5
9158 5
9159 5
9160 5
9161 5
9162 5
9163 5
9164 5
9165 5
9166 5
9167 5
9168 5
9169 5
9170 5
9171 5
9172 5
9173 5
9174 5
9175 5
9176 5
9177 5
9178 5
9179 5
9180 5
9181 5
9182 5
9183 5
9184 5
9185 5
9186 5
9187 5
9188 5
9189 5
9190 5
9191 5
9192 5
9193 5
9194 5
9195 5
9196 5
9197 5
9198 5
9199 5
9200 5
9201 5
9202 5
9203 5
9204 5
9205 5
9206 5
9207 5
9208 5
9209 5
9210 5
9211 5
9212 5
9213 5
9214 5
9215 5
9216 5
9217 5
9218 5
9219 5
9220 5
9221 5
9222 5
9223 5
9224 5
9225 5
9226 5
9227 5
9228 5
9229 5
9230 5
9231 5
9232 5
9233 5
9234 5
9235 5
9236 5
9237 5
9238 5
9239 5
9240 5
9241 5
9242 5
9243 5
9244 5
9245 5
9246 5
9247 5
9248 5
9249 5
9250 5
9251 5
9252 5
9253 5
9254 5
9255 5
9256 5
9257 5
9258 5
9259 5
9260 5
9261 5
9262 5
9263 5
9264 5
9265 5
9266 5
9267 5
9268 5
9269 5
9270 5
9271 5
9272 5
9273 5
9274 5
9275 5
9276 5
9277 5
9278 5
9279 5
9280 5
9281 5
9282 5
9283 5
9284 5
9285 5
9286 5
9287 5
9288 5
9289 5
9290 5
9291 5
9292 5
9293 5
9294 5
9295 5
9296 5
9297 5
9298 5
9299 5
9300 5
9301 5
9302 5
9303 5
9304 5
9305 5
9306 5
9307 5
9308 5
9309 5
9310 5
9311 5
9312 5
9313 5
9314 5
9315 5
9316 5
9317 5
9318 5
9319 5
9320 5
9321 5
9322 5
9323 5
9324 5
9325 5
9326 5
9327 5
9328 5
9329 5
9330 5
9331 5
9332 5
9333 5
9334 5
9335 5
9336 5
9337 5
9338 5
9339 5
9340 5
9341 5
9342 5
9343 5
9344 5
9345 5
9346 5
9347 5
9348 5
9349 5
9350 5
9351 5
9352 5
9353 5
9354 5
9355 5
9356 5
9357 5
9358 5
9359 5
9360 5
9361 5
9362 5
9363 5
9364 5
9365 5
9366 5
9367 5
9368 5
9369 5
9370 5
9371 5
9372 5
9373 5
9374 5
9375 5
9376 5
9377 5
9378 5
9379 5
9380 5
9381 5
9382 5
9383 5
9384 5
9385 5
9386 5
9387 5
9388 5
9389 5
9390 5
9391 5
9392 5
9393 5
9394 5
9395 5
9396 5
9397 5
9398 5
9399 5
9400 5
9401 5
9402 5
9403 5
9404 5
9405 5
9406 5
9407 5
9408 5
9409 5
9410 5
9411 5
9412 5
9413 5
9414 5
9415 5
9416 5
9417 5
9418 5
9419 5
9420 5
9421 5
9422 5
9423 5
9424 5
9425 5
9426 5
9427 5
9428 5
9429 5
9430 5
9431 5
9432 5
9433 5
9434 5
9435 5
9436 5
9437 5
9438 5
9439 5
9440 5
9441 5
9442 5
9443 5
9444 5
9445 5
9446 5
9447 5
9448 5
9449 5
9450 5
9451 5
9452 5
9453 5
9454 5
9455 5
9456 5
9457 5
9458 5
9459 5
9460 5
9461 5
9462 5
9463 5
9464 5
9465 5
9466 5
9467 5
9468 5
9469 5
9470 5
9471 5
9472 5
9473 5
9474 5
9475 5
9476 5
9477 5
9478 5
9479 5
9480 5
9481 5
9482 5
9483 5
9484 5
9485 5
9486 5
9487 5
9488 5
9489 5
9490 5
9491 5
9492 5
9493 5
9494 5
9495 5
9496 5
9497 5
9498 5
9499 5
9500 5
9501 5
9502 5
9503 5
9504 5
9505 5
9506 5
9507 5
9508 5
9509 5
9510 5
9511 5
9512 5
9513 5
9514 5
9515 5
9516 5
9517 5
9518 5
9519 5
9520 5
9521 5
9522 5
9523 5
9524 5
9525 5
9526 5
9527 5
9528 5
9529 5
9530 5
9531 5
9532 5
9533 5
9534 5
9535 5
9536 5
9537 5
9538 5
9539 5
9540 5
9541 5
9542 5
9543 5
9544 5
9545 5
9546 5
9547 5
9548 5
9549 5
9550 5
9551 5
9552 5
9553 5
9554 5
9555 5
9556 5
9557 5
9558 5
9559 5
9560 5
9561 5
9562 5
9563 5
9564 5
9565 5
9566 5
9567 5
9568 5
9569 5
9570 5
9571 5
9572 5
9573 5
9574 5
9575 5
9576 5
9577 5
9578 5
9579 5
9580 5
9581 5
9582 5
9583 5
9584 5
9585 5
9586 5
9587 5
9588 5
9589 5
9590 5
9591 5
9592 5
9593 5
9594 5
9595 5
9596 5
9597 5
9598 5
9599 5
9600 5
9601 5
9602 5
9603 5
9604 5
9605 5
9606 5
9607 5
9608 5
9609 5
9610 5
9611 5
9612 5
9613 5
9614 5
9615 5
9616 5
9617 5
9618 5
9619 5
9620 5
9621 5
9622 5
9623 5
9624 5
9625 5
9626 5
9627 5
9628 5
9629 5
9630 5
9631 5
9632 5
9633 5
9634 5
9635 5
9636 5
9637 5
9638 5
9639 5
9640 5
9641 5
9642 5
9643 5
9644 5
9645 5
9646 5
9647 5
9648 5
9649 5
9650 5
9651 5
9652 5
9653 5
9654 5
9655 5
9656 5
9657 5
9658 5
9659 5
9660 5
9661 5
9662 5
9663 5
9664 5
9665 5
9666 5
9667 5
9668 5
9669 5
9670 5
9671 5
9672 5
9673 5
9674 5
9675 5
9676 5
9677 5
9678 5
9679 5
9680 5
9681 5
9682 5
9683 5
9684 5
9685 5
9686 5
9687 5
9688 5
9689 5
9690 5
9691 5
9692 5
9693 5
9694 5
9695 5
9696 5
9697 5
9698 5
9699 5
9700 5
9701 5
9702 5
9703 5
9704 5
9705 5
9706 5
9707 5
9708 5
9709 5
9710 5
9711 5
9712 5
9713 5
9714 5
9715 5
9716 5
9717 5
9718 5
9719 5
9720 5
9721 5
9722 5
9723 5
9724 5
9725 5
9726 5
9727 5
9728 5
9729 5
9730 5
9731 5
9732 5
9733 5
9734 5
9735 5
9736 5
9737 5
9738 5
9739 5
9740 5
9741 5
9742 5
9743 5
9744 5
9745 5
9746 5
9747 5
9748 5
9749 5
9750 5
9751 5
9752 5
9753 5
9754 5
9755 5
9756 5
9757 5
9758 5
9759 5
9760 5
9761 5
9762 5
9763 5
9764 5
9765 5
9766 5
9767 5
9768 5
9769 5
9770 5
9771 5
9772 5
9773 5
9774 5
9775 5
9776 5
9777 5
9778 5
9779 5
9780 5
9781 5
9782 5
9783 5
9784 5
9785 5
9786 5
9787 5
9788 5
9789 5
9790 5
9791 5
9792 5
9793 5
9794 5
9795 5
9796 5
9797 5
9798 5
9799 5
9800 5
9801 5
9802 5
9803 5
9804 5
9805 5
9806 5
9807 5
9808 5
9809 5
9810 5
9811 5
9812 5
9813 5
9814 5
9815 5
9816 5
9817 5
9818 5
9819 5
9820 5
9821 5
9822 5
9823 5
9824 5
9825 5
9826 5
9827 5
9828 5
9829 5
9830 5
9831 5
9832 5
9833 5
9834 5
9835 5
9836 5
9837 5
9838 5
9839 5
9840 5
9841 5
9842 5
9843 5
9844 5
9845 5
9846 5
9847 5
9848 5
9849 5
9850 5
9851 5
9852 5
9853 5
9854 5
9855 5
9856 5
9857 5
9858 5
9859 5
9860 5
9861 5
9862 5
9863 5
9864 5
9865 5
9866 5
9867 5
9868 5
9869 5
9870 5
9871 5
9872 5
9873 5
9874 5
9875 5
9876 5
9877 5
9878 5
9879 5
9880 5
9881 5
9882 5
9883 5
9884 5
9885 5
9886 5
9887 5
9888 5
9889 5
9890 5
9891 5
9892 5
9893 5
9894 5
9895 5
9896 5
9897 5
9898 5
9899 5
9900 5
9901 5
9902 5
9903 5
9904 5
9905 5
9906 5
9907 5
9908 5
9909 5
9910 5
9911 5
9912 5
9913 5
9914 5
9915 5
9916 5
9917 5
9918 5
9919 5
9920 5
9921 5
9922 5
9923 5
9924 5
9925 5
9926 5
9927 5
9928 5
9929 5
9930 5
9931 5
9932 5
9933 5
9934 5
9935 5
9936 5
9937 5
9938 5
9939 5
9940 5
9941 5
9942 5
9943 5
9944 5
9945 5
9946 5
9947 5
9948 5
9949 5
9950 5
9951 5
9952 5
9953 5
9954 5
9955 5
9956 5
9957 5
9958 5
9959 5
9960 5
9961 5
9962 5
9963 5
9964 5
9965 5
9966 5
9967 5
9968 5
9969 5
9970 5
9971 5
9972 5
9973 5
9974 5
9975 5
9976 5
9977 5
9978 5
9979 5
9980 5
9981 5
9982 5
9983 5
9984 5
9985 5
9986 5
9987 5
9988 5
9989 5
9990 5
9991 5
9992 5
9993 5
9994 5
9995 5
9996 5
9997 5
9998 5
9999 5
